0.27451
0.958466
0.996678
0.996678
0.970588
0.986842
0.983553
0.990066
0.964401
0.996678
0.983553
0.983498
0.993355
0.96129
0.993378
0.993355
0.996678
0.993378
0.996678
0.970492
0.990033
0.990066
0.973856
0.977049
0.986799
0.983607
0.986799
0.993355
0.976898
0.996678
0.996678
0.990066
0.963934
0.990033
0.951456
0.986755
0.990099
0.993378
0.986799
0.96732
0.9967
0.993378
1
0.964052
0.980198
0.996678
0.970395
0.990132
0.964052
0.968051
0.986842
0.986755
1
0.983819
0.973941
0.996678
0.967427
0.990228
0.996678
0.967742
0.9967
0.970395
0.986755
0.996689
0.986799
0.996678
0.970492
0.990066
0.977049
0.986842
0.993355
0.967742
0.973941
0.983871
0.964286
0.993378
0.993399
0.993399
0.952077
1
0.974277
1
0.993378
0.996678
0.970684
0.95873
0.986971
0.948553
0.92926
1
0.993355
0.980392
0.990066
1
1
0.993355
0.955272
0.980198
0.990033
0.993355
0.986842
0.996678
0.98366
0.97411
1
0.970588
0.977346
0.990033
0.976974
0.955414
0.986755
0.98366
0.935691
0.993443
0.983553
0.993355
0.986799
0.961661
0.990066
0.983553
1
0.977419
0.990033
0.977124
0.996689
0.986971
0.996689
0.973856
0.993355
0.983498
0.980328
0.955414
0.993355
0.986885
0.993355
0.990164
0.977848
0.996678
0.980769
0.987138
0.993421
0.974194
0.952381
0.968051
0.980456
0.993378
0.967427
0.983498
0.986971
0.990132
0.99026
0.990228
0.993378
0.990164
0.983444
0.993355
1
0.993399
0.986755
0.993399
1
1
0.958199
0.971061
1
0.980645
0.996689
0.980456
1
0.977346
0.986711
1
0.983444
0.990066
1
1
0.990099
1
0.970684
0.996678
1
0.967532
0.977049
0.980263
0.996678
0.983713
0.993378
1
1
0.932476
0.996678
0.9967
0.951923
0.986885
0.957929
0.987013
0.990196
0.964052
0.986842
1
0.996678
0.986885
0.977124
0.990132
0.958199
0.980066
0.983607
0.983498
0.993378
1
0.99026
0.996678
0.996689
0.996678
0.993378
1
1
1
0.996678
0.986928
0.980198
0.983607
0.983498
0.993421
0.990132
1
0.974026
0.983498
0.983498
0.996689
0.987097
0.973941
0.996678
0.996732
0.986842
0.980263
1
0.983607
0.986799
0.996678
0.970779
0.990132
0.986842
0.993378
0.996678
0.961415
0.986971
0.993464
0.980583
0.993355
1
0.960912
0.97411
0.986755
0.986755
0.9967
1
0.987013
0.996678
0.990099
0.973941
1
0.986799
0.97411
0.993355
0.986755
0.98366
0.986971
1
0.996678
0.986928
1
0.977199
0.996732
0.961165
0.973684
0.964052
0.996721
0.990164
0.9967
0.967742
0.970492
0.993378
0.990132
0.996678
0.996678
0.970779
0.986799
0.993399
0.96463
1
0.990164
0.974277
0.983498
0.983871
0.993378
0.986711
0.961415
0.970395
0.990099
0.986928
0.99026
0.986799
0.987013
0.990132
1
0.996711
0.993378
1
0.990164
0.983713
0.980456
0.986842
0.977199
0.996678
0.96732
0.986928
0.98366
0.996678
0.993421
0.980645
0.968153
0.977564
0.993355
0.993378
0.97411
0.993485
0.996743
0.986842
0.980328
0.9967
0.996678
0.983553
0.996689
1
0.970874
1
1
0.986799
0.977346
0.983607
0.987013
1
0.98366
0.986928
0.970874
0.990099
1
0.996678
0.990099
0.977346
0.993399
0.986755
1
0.9967
0.932258
1
1
0.983871
0.993355
1
0.993421
0.996711
0.993421
0.948882
0.990033
0.967213
0.987055
1
1
0.980263
0.9967
0.990066
0.986755
0.980519
0.993399
1
0.990196
1
0.990099
0.958466
0.986842
0.983553
0.983713
0.986971
0.983766
0.977049
1
0.996689
0.996689
0.993355
0.996678
0.993443
1
0.986842
0.980583
1
0.987013
0.993399
0.993378
0.980456
0.993464
1
0.996678
0.993355
0.967532
0.990132
0.96732
0.996678
0.993464
0.977492
0.993378
0.993421
0.993421
1
1
0.996732
1
0.996689
0.983607
0.996678
0.970684
0.98366
0.990415
0.990196
0.996678
0.976974
0.990033
0.983607
0.980456
0.987013
1
1
0.996678
1
0.993355
1
0.993355
0.990164
0.990099
1
1
0.990033
1
0.986842
0.980198
0.993399
0.996689
0.977273
0.983607
0.986885
0.996678
0.980583
0.973856
1
0.986711
0.993355
0.986799
0.993443
1
1
0.977346
0.977049
0.949206
0.990099
0.990164
0.990228
0.996721
0.974026
0.968051
0.990033
0.996678
0.990099
0.993355
0.993443
0.996678
0.983713
1
0.996689
0.990132
0.990066
0.990066
0.976974
0.983607
0.993485
0.993378
1
0.986885
0.996689
0.983607
0.993421
0.996678
0.97377
0.993355
0.990132
0.990228
0.993421
1
1
0.996689
1
0.996689
0.993443
1
1
0.977273
0.961165
0.986799
0.993399
0.97411
0.977492
1
0.996689
0.993443
0.996711
0.996743
0.993378
0.983607
0.971154
0.971246
1
0.980198
0.9967
0.980392
0.971061
1
1
0.983766
1
0.970684
0.986928
0.973941
0.980583
0.993355
0.996678
0.996689
0.980263
0.993378
0.977273
0.986755
0.977199
0.993464
1
0.971154
0.996689
0.993421
0.993355
0.996678
1
0.990066
1
0.996721
0.990164
0.986755
0.996678
0.983498
0.9967
0.983713
0.993443
0.993399
0.9967
1
0.958333
0.986842
0.996678
0.996774
0.993399
0.987013
0.993355
0.973684
1
0.986711
0.993355
0.996764
0.983819
0.996764
1
0.971338
0.993421
0.970684
0.977346
0.973856
0.990132
1
0.986842
0.993378
0.996689
0.993485
0.996753
1
0.990132
1
0.987138
0.993421
0.9967
0.986711
0.996732
0.993421
0.971338
0.984026
0.986842
0.993443
0.990132
1
0.996678
0.990066
0.996678
0.970874
0.968051
0.990132
0.986799
1
0.990099
0.980392
0.993421
0.993464
0.993355
0.983498
0.990132
0.980328
0.993378
0.98366
0.993399
0.996721
1
0.977346
0.993399
1
0.986755
0.986799
0.996678
0.983607
1
0.970968
0.996678
0.986799
0.993421
0.986842
0.993355
0.987055
0.973941
0.951769
0.977273
1
0.980132
1
0.996689
0.990099
0.9967
0.987302
0.990099
1
0.977346
0.957516
0.983713
1
0.996732
0.996678
1
0.98366
0.993485
0.996732
1
0.993421
0.993378
0.990099
0.983553
0.990196
0.996732
0.983553
0.977273
0.986799
0.993464
0.980831
0.964856
0.98366
0.990164
0.993378
0.9967
0.983607
0.993443
0.996689
0.996689
0.993355
1
0.996743
1
0.993355
0.986885
0.993443
0.993485
0.996721
0.990291
1
0.980769
0.96463
0.990164
0.986711
0.990033
0.990066
1
1
0.99026
0.986885
1
1
0.983607
0.993378
0.993464
0.986885
0.970588
0.993399
0.996721
0.983923
0.993355
1
0.993355
0.996721
0.954984
0.986755
0.980456
0.993378
0.990099
0.970588
0.993421
0.980519
0.996678
0.9967
0.977199
1
0.996689
1
1
0.996689
0.986799
1
0.993485
0.996678
0.990196
0.993443
0.986928
0.993378
0.990066
0.986842
1
0.9967
0.987097
0.983607
0.996721
0.970395
1
0.99026
0.996711
1
0.98366
1
0.973684
0.993378
0.993399
0.993548
0.993421
1
0.996711
0.986971
0.996711
0.993378
1
0.951769
0.993355
0.980519
0.993485
1
0.996689
0.967532
0.983607
0.99026
1
0.986799
1
1
0.983553
0.9967
0.993378
0.993378
0.970874
1
0.964856
1
1
0.990099
0.996678
1
0.986928
1
0.993528
0.986928
1
0.990132
1
0.990099
1
1
0.996678
0.980328
0.990132
0.993421
0.993506
0.996732
0.996689
1
0.996689
1
0.990196
0.986755
1
0.983498
0.980645
1
0.993378
0.986799
0.993421
0.971246
0.993399
1
1
1
0.958199
0.964286
0.990033
0.990196
0.986755
1
0.996689
0.983444
0.996678
0.990132
1
0.996678
0.990164
1
0.993378
1
1
1
0.983871
0.983498
0.987013
0.996711
1
0.980263
0.980645
1
0.986971
1
0.977273
0.993485
0.986842
0.977346
0.964856
1
0.986799
0.9967
1
0.996711
0.990132
0.993421
0.986971
1
1
0.99026
0.990291
0.990033
0.983819
0.993399
0.983553
0.983766
1
0.986711
1
0.996678
0.9967
0.993355
0.993399
0.980328
0.977124
0.983766
0.990164
1
1
1
1
0.987013
0.996764
0.986885
0.996689
1
0.970779
1
1
0.9967
1
0.9967
0.990099
0.986885
0.993378
0.993421
0.987055
0.987097
0.996678
1
0.973941
0.986885
0.986885
0.993355
0.990099
0.996689
0.996678
0.97411
1
0.987138
0.996678
0.9967
1
0.986971
0.996711
0.996711
0.986799
0.986885
0.990099
0.993355
0.986799
0.996689
1
0.983607
0.987097
0.983498
1
0.977636
1
0.986928
0.9967
1
1
0.990033
1
0.98366
1
0.980645
0.983766
1
0.986842
0.996678
0.990196
1
0.9967
1
0.996689
1
0.987013
0.977124
0.993443
1
0.993378
1
0.990066
1
0.983974
0.983553
0.980645
0.980769
1
0.996689
1
1
0.996678
0.983713
0.986755
0.9967
0.996743
0.996689
1
1
0.986711
0.996689
0.990164
0.996743
0.996678
0.9967
0.993355
0.970199
0.990196
0.990228
0.977199
0.974026
0.980456
0.983444
0.933121
0.986755
0.983498
1
0.9967
0.993421
0.993378
0.986928
0.996689
0.986755
0.96732
0.980456
0.980583
0.971246
0.987013
0.9967
0.990446
0.990196
0.993399
0.977492
0.980263
0.99026
0.993443
1
0.996689
1
0.993485
1
0.967949
1
0.990099
0.986971
0.986885
0.986842
0.996753
0.996678
1
0.9967
0.980263
0.990354
0.990164
1
0.955414
1
0.986799
1
1
0.990228
0.993355
1
0.980263
0.990228
0.9967
0.996711
0.993443
0.996678
0.990291
0.986842
0.996678
0.986755
0.993443
0.990132
1
0.98366
0.990228
0.983498
0.996678
0.9967
0.970684
0.990066
0.977346
0.990033
0.9967
0.993421
0.996678
0.990132
0.990164
1
0.996743
0.986971
0.996689
0.97411
0.996689
0.993464
0.996689
1
1
0.993443
1
0.990228
1
0.983553
0.983553
0.986755
0.993378
1
0.9967
0.996678
0.996711
0.993355
0.996689
0.993464
0.983553
0.980456
0.993378
0.996689
1
1
0.986971
0.99026
0.977124
0.990132
0.996678
0.96732
0.990099
1
0.971338
0.987138
0.9967
0.996678
1
0.993378
1
0.993421
0.993399
0.996743
0.986799
1
0.993399
0.976821
0.99026
0.990354
1
0.986755
0.990099
0.993399
0.967742
0.993421
0.990033
0.990228
1
0.967846
0.996689
0.9967
1
0.974277
0.996732
0.993485
0.984227
0.993399
1
0.993399
1
0.986799
0.986885
1
0.980707
0.980456
0.996678
0.993464
0.990132
0.993378
0.993443
0.986755
0.983607
0.983498
0.983766
0.986885
0.990099
0.986799
0.993378
0.993464
0.996689
0.990099
0.987013
0.983974
0.990354
0.993485
0.974194
0.993378
0.996689
1
0.986928
0.964744
0.980392
0.996689
0.986928
0.990228
1
0.993443
0.99026
1
0.990291
0.980456
0.993506
0.996721
1
0.983819
0.993528
0.987342
0.986885
0.990196
1
1
0.986842
0.9967
0.996678
1
0.983819
0.996689
1
0.996689
0.98366
1
0.996678
0.996721
1
0.986928
0.987013
0.993355
0.980769
0.990164
1
0.983553
0.996711
0.996732
0.980583
1
0.986799
1
0.976974
0.980645
0.996721
0.977564
0.996678
0.980519
0.993399
0.9967
0.980831
0.996678
0.993421
1
0.986971
0.96463
0.993443
0.987097
0.993355
0.971154
1
1
0.993355
0.993464
1
0.996689
0.980519
0.996721
0.993399
1
0.993443
0.993421
0.974603
0.996711
0.996721
1
0.986842
1
0.977778
1
0.993378
1
0.993355
1
0.990164
1
0.996689
0.980328
0.986755
0.986842
0.993421
0.977636
0.990132
0.980392
0.993443
0.996764
0.990196
0.9967
1
0.980769
1
0.990164
0.993399
0.996689
0.987097
0.996721
0.996711
0.990132
1
0.983819
1
0.980583
0.986842
0.996732
0.977124
0.996689
0.996711
0.993485
0.993443
1
0.980132
0.996678
0.993399
0.993506
0.996721
0.996743
0.990132
0.980831
0.990066
0.993399
0.986842
0.996678
0.996815
0.9967
0.980456
0.993548
0.996678
0.993443
1
0.993464
0.986971
1
0.993421
1
0.990033
0.996678
1
0.993421
1
0.996721
0.96129
0.983553
0.996689
0.993399
0.98366
0.980392
1
0.996721
0.986928
0.983498
1
1
1
0.996689
0.996678
0.980456
0.974194
0.9967
1
1
0.977492
0.990132
0.986842
0.990099
1
0.996678
1
0.990132
0.983498
0.996721
0.993464
0.993399
0.993443
0.973856
0.990033
1
0.9967
1
0.996678
0.996743
1
1
1
1
0.990132
0.993378
0.993378
0.993421
0.976898
0.993548
0.967949
0.970684
1
1
0.996678
0.971061
0.980645
1
1
1
0.996678
0.996689
0.993528
0.980328
0.986885
0.993355
0.996678
0.996678
0.990228
0.993506
0.996678
0.967949
0.986842
1
0.990196
1
0.983553
0.993443
0.996689
0.974522
0.971246
1
0.990196
1
1
0.990066
1
1
1
0.996689
0.996711
1
0.977419
0.996711
0.986885
0.990066
0.996711
0.996678
0.993378
1
0.996689
1
0.980456
0.986842
0.993355
0.996721
0.993506
0.993421
1
1
0.993355
0.986971
0.98366
0.990066
0.996678
1
0.9967
0.993378
1
0.996678
0.996689
0.990415
0.990132
0.987097
0.971154
0.993399
0.996721
0.990228
1
0.964968
1
0.993443
0.986885
1
0.993355
0.993443
0.990415
0.996743
0.996732
0.990099
0.970492
0.993443
0.977049
1
1
1
0.980456
1
0.993378
0.996678
0.977124
0.996711
0.996678
1
0.983871
0.993378
0.983498
0.993548
0.990228
1
0.996721
0.977346
1
0.996711
0.986928
1
0.996689
0.990164
1
0.990164
0.996678
0.973941
0.980263
1
0.993548
1
0.996721
1
0.970968
1
0.990164
1
0.983871
1
0.996689
1
1
1
0.990196
1
1
0.983607
0.990196
0.990164
1
0.986971
1
1
0.990164
1
0.996689
0.993399
1
1
0.996678
0.955128
1
1
0.993355
1
1
1
0.996774
0.980263
1
1
0.983498
0.983553
0.9967
0.987179
1
0.986971
0.993399
0.980707
1
0.987013
0.990066
1
0.996711
1
0.996721
1
0.996711
0.996689
0.980892
0.980263
0.990196
0.983607
0.996689
0.986755
1
1
0.993506
0.990033
0.977124
0.980769
0.983607
0.983444
0.996732
0.986842
1
0.980263
0.993421
1
0.996678
0.993443
0.996678
0.990164
0.990196
0.993378
0.993421
0.986971
1
0.977273
0.980328
1
1
0.990033
1
1
0.993443
0.990415
1
1
1
1
1
0.996721
1
0.9967
0.996678
0.996689
0.996721
1
1
0.977124
0.983553
0.993421
0.986928
0.993378
1
0.980456
0.980198
0.996711
0.986971
0.977346
0.996689
0.986842
0.983498
1
1
0.996721
1
0.996678
1
0.993378
0.993569
0.996711
0.996678
0.996678
1
1
0.996678
1
0.993378
0.993421
0.996711
0.996774
0.993399
0.983766
0.996689
0.99026
0.990033
0.996732
0.993399
1
0.996689
1
0.990196
0.990196
0.993421
0.983974
0.993421
0.9967
1
1
1
0.977199
0.990066
1
1
0.996678
1
0.996678
0.993378
1
0.990066
1
0.990033
0.993355
0.996678
0.993485
0.996678
0.9967
1
0.996711
0.9967
0.986799
0.990323
0.983444
0.990228
0.996678
0.993443
1
1
0.986842
0.99026
0.990323
0.964169
0.996689
0.9967
0.990164
0.993421
1
0.993421
1
1
0.983974
1
0.993485
0.993443
0.996678
1
0.996678
1
1
0.990164
0.987013
0.993506
0.996689
1
1
0.974603
1
0.990164
1
0.996721
0.993378
1
0.993421
1
0.996732
0.990196
0.996689
0.986971
1
0.996678
1
1
0.996678
0.986971
1
0.996732
0.993443
1
1
0.990164
1
0.99026
1
0.996689
0.980456
0.993399
1
0.990228
0.986842
0.993421
0.990066
0.996689
0.990196
0.987097
0.976821
1
0.987179
0.986755
0.996711
0.993399
0.990196
1
0.980328
0.96129
1
0.993464
0.964744
0.98366
0.977346
1
0.996678
0.993421
0.993421
0.986799
1
1
0.971061
1
1
0.993399
0.986842
1
0.987013
0.9967
1
0.980707
1
1
1
0.996678
0.996721
0.993443
0.990099
1
1
0.977492
0.980328
0.993399
0.993421
0.990066
1
0.986799
1
0.996711
1
0.990323
0.986885
1
0.990196
1
1
1
0.996678
0.990476
1
0.996678
0.983766
1
1
0.990066
0.996721
0.990385
1
1
0.990099
0.996689
0.996689
1
0.983607
0.990291
0.983871
0.990228
1
0.996689
0.986799
0.996764
1
0.980198
0.996721
0.996689
0.98366
1
1
0.996678
1
0.977199
0.993378
1
0.996753
0.993464
1
1
0.986928
1
0.996689
0.993528
0.987013
1
0.990291
0.9967
0.996732
1
0.990228
0.98366
1
0.996678
0.996732
0.996743
0.990164
0.993355
0.996678
0.990196
0.971429
0.993464
1
0.986928
0.983766
1
0.983766
0.996689
1
0.980198
1
1
0.967846
0.996689
0.996689
1
0.986842
1
1
0.996711
0.977707
0.983713
0.996732
0.996711
0.996711
1
0.993421
1
0.974522
0.990196
0.996764
0.993378
1
0.993421
0.993485
1
0.990132
0.996678
0.993378
1
1
0.9967
0.993378
1
0.996678
0.996678
0.973856
0.996721
0.993485
0.983607
1
0.993421
0.996785
0.993399
0.996721
1
0.996689
1
0.983607
0.996678
0.983713
0.993506
0.986928
1
0.977419
0.996678
0.993464
0.983871
0.9967
0.980456
0.996678
0.996678
1
1
1
0.996711
0.987097
0.996753
0.990132
0.993464
0.971061
0.99026
0.996732
0.993464
1
0.996678
0.977199
0.990099
0.996711
0.986971
0.996711
0.993378
1
0.993355
0.987013
0.993399
0.996711
0.9967
0.993443
0.980328
0.996678
0.986842
0.967427
0.993399
0.986928
0.986842
1
1
1
0.990099
0.996711
0.967213
1
0.990228
0.990066
0.990164
1
0.996721
0.996689
0.993355
0.990132
0.996678
0.980892
0.993421
0.9967
1
0.993378
0.986842
1
0.996689
0.993548
0.996721
0.9967
1
0.993399
0.9967
0.990164
1
0.990196
0.990132
0.993378
0.9967
1
0.996689
0.9967
1
0.996721
0.996711
0.987013
1
0.990196
0.996678
0.990164
0.977778
1
0.980198
0.990228
0.990196
0.993399
0.986928
1
0.996711
0.980645
0.987179
0.976898
0.967742
1
1
0.993355
0.986755
0.996711
0.983974
1
0.990033
0.98366
0.983713
0.9967
0.996711
1
0.990066
0.996753
0.990196
0.983766
0.996732
0.983923
0.996678
1
1
1
1
0.990164
0.987138
1
1
0.970874
0.993443
0.996678
0.993355
0.987138
1
0.996732
0.990196
0.993464
0.987179
0.996753
0.990291
0.996753
0.983974
0.986842
0.9967
0.996678
1
1
0.9967
1
0.9967
0.983607
0.990132
1
0.986928
0.993421
0.990033
1
0.993443
0.993399
1
0.99359
0.977346
0.980952
1
0.990196
0.977492
0.990066
0.990228
0.980456
1
0.996678
0.983713
0.990415
0.980328
1
1
1
0.993378
1
0.993443
1
0.996678
0.996689
0.993485
1
1
0.990228
1
1
0.990196
1
0.996689
0.986842
0.983607
1
0.990066
0.996678
0.993506
0.993464
0.9967
0.993506
0.990354
1
0.990323
1
0.996764
1
0.990228
1
1
1
0.990132
0.993485
0.996689
0.986885
0.980583
0.987055
0.987261
0.990132
0.996721
0.996678
0.983498
0.990291
0.986928
1
0.986799
1
0.980519
0.996721
0.993399
0.990132
0.99026
0.990291
0.9967
0.990164
0.986885
0.993378
0.973856
0.993399
1
0.980519
1
1
1
0.996678
0.990228
0.996689
0.990164
0.990033
1
0.986842
0.993355
1
0.963934
0.977273
0.986971
0.996678
0.987013
0.993378
0.996689
0.996689
0.9967
1
1
1
1
0.996743
0.9967
0.993421
0.986885
0.970395
1
0.996711
0.996721
0.996721
0.996721
1
0.986842
1
1
1
0.986971
1
0.996689
0.990164
1
1
0.996689
0.996689
0.996689
1
0.993355
0.993528
0.98366
0.990099
0.996689
0.996689
1
0.967846
0.977346
0.986842
0.990132
0.9967
1
0.983819
0.996689
1
0.993485
0.993464
0.983713
1
0.987013
1
0.996689
0.996805
0.9967
0.996711
1
1
0.986885
1
0.99026
0.996689
1
0.99026
1
0.98366
0.964516
1
1
1
0.993464
0.993528
1
0.984127
0.996689
0.990164
1
0.993399
0.996743
0.993569
0.993485
0.98366
1
0.980769
1
0.996711
0.9967
0.983766
1
0.996711
0.996689
0.996678
0.996678
0.993485
0.996721
0.990228
1
0.996678
0.990354
0.983819
0.990228
0.990132
1
1
0.993506
0.996689
0.990132
0.996678
1
0.993378
0.987013
1
0.993355
0.990132
1
0.980456
0.993399
0.996721
0.993506
0.996678
1
0.99026
1
0.993443
0.993355
0.996678
0.996732
0.993421
1
0.9967
0.990164
0.990099
0.980456
0.9967
0.990132
0.993443
0.993464
0.993399
0.996678
1
0.996678
0.993399
0.977124
0.996678
0.980583
0.983607
1
0.980456
0.987055
0.996753
0.993378
1
0.983766
1
1
1
0.9967
0.996689
1
1
0.996721
0.9967
0.993355
1
1
0.996689
0.990228
0.993485
1
0.996689
1
0.993399
0.993528
0.993355
1
0.986842
0.993443
1
1
1
1
0.993378
0.996753
0.993399
0.990132
0.996689
0.996711
1
1
0.996689
0.97411
0.993355
0.9967
0.987055
0.993506
0.996678
0.993355
0.993399
0.993378
0.996721
0.983607
1
1
0.990099
0.977778
1
0.980583
1
0.986928
1
0.990066
1
1
0.9967
1
0.993464
0.996678
0.987138
0.990291
1
0.996711
0.964401
1
0.980392
1
0.9967
0.996678
1
0.990196
0.9967
0.990099
0.9967
0.993378
1
0.993548
0.993443
1
0.996689
0.996764
0.993506
0.993355
0.9967
0.993506
0.990228
1
1
0.990066
0.970779
0.980456
0.9967
0.990291
0.974194
1
0.980583
1
1
0.993421
1
0.996678
0.990132
0.970874
0.987138
0.993378
0.993378
0.996732
0.986885
0.986799
0.993464
0.986755
0.973941
1
0.993443
0.996721
0.9967
0.987179
0.993506
0.993421
1
0.996689
0.996711
1
0.996721
0.996732
1
0.996711
1
0.986928
1
0.993378
0.993443
0.993378
0.983819
1
0.993421
1
1
0.996678
0.990132
1
0.996711
0.993506
1
1
0.983766
1
1
0.996764
0.987138
0.990033
0.980831
0.996689
0.987013
0.987013
1
0.97411
0.990228
0.990033
0.9967
0.9967
0.996774
0.990228
1
0.993421
1
0.996732
0.996689
1
1
0.996711
0.990385
1
0.980707
0.996721
0.980707
0.986971
1
0.990164
0.993485
0.9967
1
1
0.996678
0.993548
1
1
0.986799
0.990323
1
0.980952
0.996711
0.996678
1
0.983974
1
0.986928
1
0.996711
0.986971
0.996711
0.990033
0.993399
1
1
0.993569
1
0.993399
1
1
0.990066
1
0.99026
0.986885
1
1
0.9967
1
0.9967
0.9967
0.996678
0.977049
1
1
0.993464
0.996678
0.996689
1
0.983713
0.980707
0.9967
1
1
1
1
0.986971
0.993421
1
0.996743
1
0.993421
0.987302
0.986885
1
0.993421
0.996711
1
0.983498
0.990228
0.993464
1
0.977707
0.993464
0.996721
0.996711
1
0.993485
1
1
0.9967
0.99026
0.996732
1
0.98366
1
0.983974
0.983713
1
1
0.996678
0.993464
0.990196
0.993485
0.993464
0.993399
0.996689
0.993443
0.996689
1
0.986885
0.996678
0.993421
0.996678
0.996732
0.990066
0.990066
0.996689
0.986971
0.990228
1
0.986842
0.993464
0.996678
0.990132
1
0.986842
1
0.996743
0.996678
0.990164
0.996732
0.970492
0.996678
1
0.993506
1
0.993399
0.986842
1
0.993378
0.9967
1
0.993528
0.993421
0.99359
0.990164
1
0.996753
0.9967
1
0.983871
0.996732
0.983607
0.993464
0.996795
0.983713
0.993485
1
1
0.990132
0.990164
0.996678
0.993399
1
1
0.983498
1
0.996678
0.993548
1
0.980519
0.993443
0.990132
0.977707
0.980583
1
0.993464
0.983713
1
0.983871
0.993506
0.993378
0.993443
0.990196
1
0.990132
1
0.980456
0.996678
1
1
0.993443
1
0.983871
1
0.993355
1
1
0.993378
0.990228
0.993378
0.990164
0.996711
0.986885
0.955272
0.996721
1
0.990164
0.983819
1
1
0.996678
0.996753
0.996689
0.996711
0.996711
1
0.993378
0.9967
0.996732
0.996774
1
0.996721
1
0.983923
1
0.984127
1
0.986971
1
0.9967
1
0.996711
1
0.990164
1
1
0.990066
1
0.996689
1
0.996753
0.996711
0.964286
0.990228
1
0.990196
1
0.996721
0.9967
0.996732
0.996711
0.993485
0.996678
0.987013
1
0.980456
0.996732
0.987013
0.996678
0.977124
1
0.996689
1
0.993528
0.977636
0.990132
1
1
1
0.996732
1
1
0.9967
0.986971
1
0.990066
0.971338
1
1
1
1
1
0.996711
0.990228
1
1
1
0.993421
0.996721
0.990164
0.996711
0.993399
0.9967
1
0.986971
1
0.986885
1
1
1
0.990033
0.990099
0.996678
0.996678
1
0.993443
0.986799
1
1
1
1
1
0.996678
0.993421
1
1
0.986842
1
0.983607
1
0.996689
0.990228
1
0.977636
0.9967
1
0.990228
1
1
0.996711
1
1
0.996711
0.996764
0.996753
0.986971
0.996678
1
0.980645
0.996732
0.996711
0.993485
0.974026
0.993421
1
0.980707
0.996689
0.990291
0.9967
0.996711
1
0.996711
1
1
1
1
1
0.993506
0.996743
0.987013
0.996711
0.993464
1
0.996785
0.993651
0.993443
0.996678
1
1
1
1
0.974441
1
0.993464
0.996732
0.996721
0.996721
0.993399
0.993421
0.993378
1
0.990323
1
1
1
1
0.9967
0.987261
0.996711
0.993485
1
0.977419
0.996764
0.996689
1
0.990164
1
0.990228
1
0.996678
0.9967
0.996678
1
1
0.990196
0.996678
0.996678
1
1
1
0.996678
0.990354
0.977124
0.9967
0.996689
0.974359
0.990132
1
1
1
0.996721
0.986842
0.993378
1
0.993421
1
0.986971
0.987013
0.996689
0.987302
0.993378
0.996678
0.996689
0.993378
0.97377
0.980263
0.993378
1
1
0.996732
0.993421
0.977564
0.9967
0.980583
0.993378
1
0.996732
0.990132
1
1
1
0.993443
0.990164
1
0.996743
0.996732
0.996711
0.993399
0.996689
0.993506
0.993399
1
0.990132
0.9967
1
0.993421
0.9967
1
0.996711
0.993464
1
0.990066
0.993443
0.993443
1
1
1
1
0.996743
1
1
0.996753
0.993443
0.986842
0.993506
0.993421
0.996711
0.977636
0.99359
0.983713
1
0.983923
1
0.996678
0.990164
0.993443
0.993378
1
1
1
0.993485
1
0.977273
0.996678
1
0.996689
0.996678
0.987055
0.996689
0.986755
0.9967
1
0.986971
0.996774
0.996764
1
0.993378
1
0.996753
0.993355
0.983553
1
0.993378
0.996689
1
1
0.990066
1
0.996678
1
0.983871
1
0.993443
0.996678
0.983553
0.993631
0.977707
0.983553
1
1
0.993399
1
1
1
0.996689
1
0.993485
1
0.9967
0.977346
0.996711
1
0.974441
1
0.993464
1
0.990323
0.980645
0.996711
0.996678
1
1
0.993485
1
1
0.996753
1
0.996689
0.996678
0.9967
1
1
0.993548
0.977346
0.990132
1
0.9967
1
0.990099
0.993528
0.980769
0.993464
0.990132
0.993569
0.990164
1
0.996721
0.996689
1
1
1
0.993355
1
1
0.986928
0.996678
0.993506
0.996711
0.986928
0.996678
0.983871
0.996711
0.993378
0.996732
1
0.996689
0.983713
0.968051
0.990228
0.990291
1
0.987097
0.993569
1
0.993443
0.97377
0.996795
0.990099
1
0.986928
0.993506
0.993355
1
1
1
1
0.983713
1
0.986928
1
0.996815
1
0.986842
0.996743
0.987013
0.996689
0.993464
0.993443
0.993399
0.996721
1
1
1
0.990196
0.9967
1
0.9967
0.986971
1
1
1
1
0.996774
1
0.993464
0.993464
0.986842
1
0.996764
1
1
1
0.9967
0.993421
1
0.983766
0.990196
0.974194
0.987055
1
0.993485
1
1
1
0.986885
0.990164
0.990132
0.986842
1
0.993421
1
1
0.98366
1
0.971246
1
0.993528
0.983607
0.993421
1
1
0.996689
0.993421
1
0.9967
0.996678
0.990536
0.9967
0.996711
0.990132
0.993443
1
0.98722
0.983766
1
0.9967
0.986755
1
0.990066
1
1
1
0.986711
0.996795
0.996689
0.986755
1
0.993485
0.993569
0.993464
0.987097
1
1
0.996678
1
1
0.993464
1
1
1
0.984127
0.990196
1
0.996678
0.993464
1
1
1
1
0.996711
1
0.993421
0.993528
1
1
0.990066
1
1
0.986971
1
0.996711
0.987097
0.996732
0.993443
1
1
1
0.996732
1
1
1
1
0.996721
0.993443
1
0.996721
0.990164
0.965079
0.990099
0.996678
0.993421
0.990164
0.996711
0.993355
0.993528
0.996721
0.993506
0.980952
0.996815
0.996678
0.990132
1
1
0.996678
1
0.990228
1
0.986885
0.990164
0.986971
0.993528
1
1
1
0.993443
1
0.996678
1
1
0.993443
0.9967
0.996795
1
1
0.990196
0.993485
1
0.990132
0.993355
0.9967
1
0.996689
1
0.983871
0.996721
0.996732
0.996753
1
1
1
0.993421
1
0.990354
1
0.993506
0.996721
0.993378
1
0.996689
0.993528
0.996689
0.980519
0.996678
0.983713
1
1
1
1
0.996678
1
0.996689
0.986885
0.996689
1
1
0.98722
0.983713
0.99026
1
0.9967
0.993464
0.990099
0.993421
0.993506
1
0.986971
0.993464
0.9967
0.993421
0.9967
0.986885
1
1
0.993464
0.990132
0.993421
0.996711
0.9967
1
1
0.996678
0.986755
1
0.986971
1
0.993506
0.996689
0.993399
0.986885
0.986885
1
1
1
0.987055
1
1
0.9967
0.990228
0.97411
0.993421
0.971154
1
0.990228
0.990132
0.996689
0.993464
0.990132
1
1
0.996764
1
0.996721
0.990228
0.968254
0.993421
0.996732
1
1
1
0.990164
0.990164
0.996732
0.986755
0.987055
0.993378
1
0.993528
1
1
1
0.993421
1
0.996689
0.986755
1
0.983766
0.993443
0.990132
1
0.993421
0.993399
0.986971
0.993421
0.990164
0.980456
1
1
0.983974
1
0.993378
0.980769
0.990099
1
0.993464
1
0.996689
0.990164
0.993464
1
0.996774
0.990132
0.9967
1
0.98366
0.990291
0.996678
0.9967
1
1
1
1
0.9967
0.986971
0.986928
0.993421
0.993464
1
1
0.996678
0.980583
0.996678
1
0.990132
1
0.993355
1
0.996753
0.996689
0.990132
1
0.996678
0.971429
1
0.9967
0.98366
1
0.983607
1
0.996732
0.977636
0.996678
0.990354
0.9967
0.996678
0.996678
1
0.983713
1
0.987013
1
0.993355
0.974359
0.996743
1
0.990291
0.993506
1
0.993506
1
0.993355
0.993399
1
0.990132
1
1
0.987055
0.976974
0.996753
0.993399
0.987013
0.990354
0.987097
0.986799
1
0.987179
1
1
1
1
1
0.986971
0.996743
0.993355
0.996721
0.983607
0.996678
1
1
1
0.986928
0.987055
1
0.967638
0.993378
0.990099
0.984026
1
0.993443
0.990385
1
0.996711
1
0.990228
1
1
0.996711
0.990099
0.993528
0.996689
0.983607
1
0.990164
1
0.974441
1
1
0.996678
1
0.990066
0.993464
1
1
0.990196
1
1
0.980392
1
0.993443
0.983498
0.986971
0.996711
1
0.996678
1
0.987261
1
0.996711
1
1
1
1
1
0.990323
0.993528
0.993506
0.996689
0.9967
0.990066
0.993378
1
0.99359
1
0.996689
0.99026
0.9967
0.993443
0.987055
0.996678
1
0.977707
0.9967
0.993464
1
1
1
1
0.996689
0.993399
0.990132
1
1
0.993464
0.993399
1
1
1
0.993506
1
0.993355
1
1
0.980456
1
1
1
0.996678
1
1
1
1
0.996678
1
1
1
0.993421
0.993421
0.99026
1
1
0.996743
0.990164
0.996689
0.974026
0.993355
1
1
1
0.99026
1
0.993399
0.990323
1
0.986842
0.983607
0.993485
0.996678
0.974026
0.996689
1
0.996743
1
0.996721
0.986799
1
0.996678
1
0.996753
0.993378
0.996678
0.983607
0.996732
0.996785
0.993485
0.996732
0.993443
1
0.993399
1
1
1
0.980583
0.9967
0.996785
0.993421
1
0.987055
0.990354
0.996689
0.990228
1
1
0.993443
1
1
0.993378
0.996711
1
0.993464
0.996721
1
1
0.990196
0.993399
1
0.990164
0.990099
0.990354
1
1
1
1
0.996721
0.993464
0.9967
0.986885
0.993691
1
0.996678
0.98366
0.990132
0.996711
0.993506
0.993443
0.996721
0.996689
0.996689
0.996753
0.996732
0.993399
0.980831
1
1
0.996764
1
0.996689
0.996753
1
0.990099
1
0.993421
0.996711
0.990132
0.996711
1
0.9967
1
0.993485
1
1
1
0.983974
0.987179
1
1
0.996764
0.993399
0.993485
1
0.993506
1
0.996689
1
1
0.996678
1
0.993528
1
1
1
1
0.983923
0.9967
0.983974
1
0.996711
1
1
0.9967
1
1
1
1
1
1
1
1
0.980328
1
1
0.990099
0.990228
1
0.996711
0.986799
1
0.996678
1
0.977492
0.996711
0.983819
0.990291
0.990291
1
1
0.990196
1
1
0.990099
0.993421
0.996689
0.987013
0.987097
0.996795
1
0.993378
1
0.990228
0.996689
0.977492
1
1
0.993485
0.996678
1
0.993378
0.990132
0.993355
0.990228
0.993506
0.993421
0.980519
1
0.996774
0.993355
0.990196
0.986885
0.993443
0.993528
1
0.98366
0.99026
0.990099
1
0.990099
0.996743
0.996743
0.996711
0.990196
1
1
0.993464
0.996711
1
0.990228
0.993464
0.990354
0.993355
0.993378
1
0.990323
0.996689
0.993506
1
0.996795
0.977492
0.977273
1
0.990164
0.996732
1
1
0.993399
0.990164
1
1
0.993651
1
0.990099
1
0.996721
0.987013
0.993421
0.987013
0.996678
0.980198
1
0.996689
0.993443
0.993548
0.993443
0.993464
1
0.993378
0.987138
0.983713
0.993421
0.986842
0.970874
0.990476
0.996721
0.990196
0.986885
0.996743
0.990323
0.996711
0.996678
0.993399
1
1
0.993399
0.986928
1
1
1
0.983553
0.993421
0.996678
0.971246
0.993399
0.990066
0.996711
0.990291
1
0.993528
1
1
0.996743
1
1
0.996764
1
0.996711
1
0.993506
0.990228
0.996678
1
0.98366
1
1
0.990291
1
1
0.993485
0.996805
1
0.977199
0.996678
1
0.980519
1
0.993464
0.990099
0.996732
0.996711
1
0.987097
0.993506
0.990099
0.993378
1
0.996721
0.996689
0.996689
0.9967
0.996732
0.996721
1
0.996689
1
1
0.996689
1
1
1
0.996678
0.993399
1
0.996689
0.986971
0.996711
0.99026
1
1
0.983607
1
1
0.993421
1
1
0.980707
0.996732
0.987138
1
1
1
0.996711
0.993378
0.990066
1
0.983713
0.996689
0.996753
1
1
0.993421
1
0.993378
1
0.996711
1
1
0.990385
1
1
1
0.993443
1
0.987097
0.996678
1
0.996721
0.996689
0.984026
0.996743
0.993355
1
0.986928
0.996678
0.996721
0.996678
0.996732
0.990196
1
0.993464
1
0.996689
1
0.986928
0.996711
0.996689
1
0.990228
0.993378
1
0.993485
0.996678
1
0.996678
0.996764
1
1
0.990066
0.986842
1
0.990132
0.993485
0.993485
1
0.990196
0.990099
0.996732
0.990323
1
0.996732
1
0.993378
1
1
1
0.9967
0.987055
0.9967
1
0.993378
1
1
0.990132
1
0.993355
0.996774
0.990132
0.996711
0.993399
1
1
0.996743
0.996743
1
0.9967
1
1
0.99026
1
1
0.993485
1
1
0.993399
0.9967
0.993421
0.986799
1
1
0.9967
1
1
0.996678
0.990228
0.993421
1
1
0.996678
0.99026
0.987013
1
1
0.993548
1
1
0.996743
0.993378
0.996721
1
0.980707
0.990033
1
0.993528
0.996678
1
0.993355
0.990099
1
0.987013
1
0.996689
1
0.996732
1
0.996689
0.980769
0.996678
0.990196
1
1
0.9967
1
0.9967
0.993485
0.993443
0.996774
1
0.996678
1
1
0.993528
0.996711
1
0.990323
1
1
0.996732
0.996711
1
0.99026
1
1
0.996721
0.986842
0.996721
0.993506
0.993443
1
0.987055
0.990385
1
0.9967
1
1
0.996711
0.996743
0.993378
1
0.987179
0.977273
0.993421
1
1
1
0.996678
1
0.9967
0.993528
0.986928
1
0.996711
1
0.990099
1
1
1
0.996732
1
0.993528
1
0.993399
0.996721
0.996743
1
0.993464
1
1
0.996711
0.990164
0.996711
0.983923
1
1
1
0.993355
1
0.9967
1
1
1
1
0.993443
1
0.990354
0.996743
1
1
1
0.996689
0.993506
0.993548
1
0.993569
0.990164
0.990476
1
0.993506
1
0.993399
0.996689
1
0.983766
1
0.996711
1
1
1
0.993443
0.9967
0.990132
1
0.996689
1
1
0.996689
0.996678
1
1
1
1
0.990132
1
1
0.993443
1
1
0.990196
1
0.990099
0.996678
1
0.996678
1
0.996774
1
1
0.996732
1
0.980892
0.996764
0.983713
1
1
1
1
1
1
0.993464
1
0.996753
1
0.987179
1
1
1
0.993443
0.996689
0.996678
1
0.983923
0.99026
0.996721
1
0.996785
1
0.996689
0.990291
0.996743
0.996678
0.993355
1
0.996732
0.990323
0.996689
0.9967
1
0.996678
0.9967
1
1
0.996678
1
0.996743
0.993548
1
1
1
0.996721
1
0.996711
0.986885
0.996732
1
1
1
0.993464
1
0.996764
0.996785
0.996721
0.996678
0.996753
1
1
0.993399
1
1
0.990228
0.996721
0.990099
0.9967
1
1
0.990099
0.996732
0.990164
1
0.996774
0.996743
1
1
0.996732
1
0.987179
0.996753
0.996678
0.993421
1
1
1
1
0.990099
0.993399
0.996711
0.986799
1
0.993443
0.996689
1
0.996764
1
1
1
0.983819
1
1
1
1
1
1
1
0.986885
0.9967
1
1
1
1
0.993569
0.9967
0.993399
0.990228
0.996711
0.993464
0.990323
1
0.983607
0.990164
0.996678
1
0.993569
1
1
1
0.990132
1
0.990228
0.993355
0.993399
1
1
0.993399
0.990415
1
1
0.9967
1
0.996721
1
1
0.996689
1
0.993355
0.990228
0.990164
1
1
1
1
0.993399
0.996689
1
1
1
1
0.993464
0.990066
0.996689
1
1
1
0.990323
0.990291
0.993399
1
1
0.996689
1
1
1
1
1
0.996678
0.996711
0.993399
1
0.968354
1
1
0.993528
1
0.9967
0.993421
1
0.983713
1
1
0.990164
1
0.996678
0.996835
1
1
0.993421
0.986885
0.993443
0.986842
0.993464
1
0.993421
1
0.996764
1
1
1
0.990164
1
1
1
0.99026
0.996774
0.993399
1
1
0.993485
0.996743
0.990354
0.996795
0.996678
1
1
1
0.996732
0.996689
1
0.996753
1
0.996689
0.996753
1
0.987013
0.996678
1
0.993355
0.996774
0.99361
1
0.996764
0.9967
0.993355
0.993443
0.996721
1
1
1
1
0.993378
0.993378
0.9967
1
0.993378
0.996689
0.993355
1
1
1
0.990415
0.996743
0.993506
1
1
1
0.996711
0.9967
1
0.996721
1
0.993443
1
0.986928
1
0.996689
1
0.9967
1
1
0.986799
0.996689
0.993528
1
1
0.986928
0.990196
1
0.993443
1
0.996785
0.986799
1
1
0.993548
0.996678
0.993485
0.990132
0.993443
0.993399
1
0.996721
1
0.990164
0.986971
1
1
0.986755
0.996689
0.990099
1
1
1
1
1
0.993485
0.996721
0.993355
1
0.9967
1
0.993378
0.996721
1
0.993443
1
0.99026
1
1
0.996689
0.993485
1
0.993464
1
0.996689
1
0.9967
1
1
0.996678
1
0.993421
0.996732
0.993399
0.983766
1
0.996732
1
1
0.990323
1
0.990228
0.993443
0.993443
1
0.990354
1
1
0.99026
0.983819
0.993528
1
1
1
0.996721
0.987097
1
1
1
0.996743
1
1
0.993378
0.987013
1
1
0.993421
0.996711
0.996689
0.990033
0.993355
0.996678
0.993485
0.9967
0.996721
0.996764
0.996678
0.996774
0.996711
0.993443
0.986842
0.996689
1
1
0.996721
1
1
0.980583
1
0.993443
1
1
1
1
0.990132
1
0.993399
0.983766
0.99026
1
1
0.990196
0.993443
0.993399
0.9967
1
0.993548
0.996689
1
1
1
0.993464
0.990291
1
1
1
1
1
0.9967
0.993464
0.996711
0.996678
0.996678
0.996732
1
1
1
0.990132
1
1
1
1
0.977564
1
0.996689
1
0.993443
1
0.990196
1
1
0.996678
0.993378
1
1
0.993378
1
1
0.993443
1
0.986885
0.996711
0.996743
0.993443
1
0.977273
0.9967
0.993548
0.990354
1
1
1
0.996678
1
1
1
1
1
0.996689
0.993378
1
0.990164
1
1
0.986928
0.9967
0.993355
0.993464
1
1
1
0.990476
1
0.993421
1
1
0.996689
0.996689
1
0.996689
1
1
0.996753
1
1
0.996678
1
0.996732
0.996678
1
1
1
0.996732
0.996721
1
1
0.996732
1
0.9967
0.996689
0.996678
1
1
1
0.996764
0.99026
1
0.993443
1
0.996711
0.996689
1
0.993421
0.98722
1
0.996711
1
0.996732
0.99026
1
1
1
0.996743
0.990354
1
0.996678
0.990291
0.996711
0.990066
1
0.996721
1
1
0.996785
1
0.996743
1
1
0.996732
1
1
1
0.990132
0.993378
0.996711
0.993378
0.996711
0.996689
0.996743
0.993421
0.993443
0.996743
1
0.996689
0.990132
1
0.990476
0.996711
1
1
1
1
1
0.990323
0.993464
0.996711
0.984076
0.99026
0.983766
0.993528
0.993569
0.993399
0.993355
1
0.993399
1
0.996689
0.987138
1
0.996678
1
0.987261
1
0.9967
1
0.987055
0.993506
0.996753
0.990415
1
1
0.996753
0.980263
0.99359
0.993464
0.996678
1
0.99026
1
1
0.990132
0.990164
0.993569
0.993506
0.996743
0.993378
0.996732
0.996689
0.993399
1
1
0.9967
0.996689
0.996689
1
0.983713
1
1
0.993399
1
0.993443
0.993399
1
1
0.993355
1
0.996689
0.996711
0.996678
0.993569
1
0.996711
0.996764
0.99026
1
1
1
1
0.996743
0.996689
1
1
1
1
0.987138
1
1
0.993506
1
1
0.996732
0.993378
1
0.996721
0.996774
1
0.996732
0.9967
0.996678
0.996689
0.996711
0.996689
0.980831
0.990196
0.987179
0.996689
1
1
1
0.996689
0.99026
0.996711
1
1
0.996753
0.996753
0.98722
1
0.993399
0.990196
0.993711
0.990099
1
0.980707
1
0.993443
1
0.996678
1
1
1
1
1
1
0.993443
0.984076
0.993399
1
0.996743
0.993421
1
1
1
1
0.993421
0.996764
1
0.993421
1
0.996689
0.977636
0.99026
0.993399
0.990196
0.996689
0.990164
0.996678
0.990033
1
0.98722
0.993355
0.996732
0.996678
0.993399
1
1
0.993378
0.993421
0.990132
1
1
1
0.990291
0.996721
1
0.993399
0.993485
0.993651
1
1
1
1
1
1
0.984076
0.996721
0.993506
1
0.996689
0.996732
0.996711
0.993421
1
1
1
0.993485
0.996732
1
1
1
0.996711
0.996774
0.987097
1
0.996689
0.996678
1
1
0.990291
0.996711
1
0.9967
1
1
0.996721
1
1
0.996678
0.993443
0.996732
0.996711
0.98366
1
1
0.993378
0.996732
1
0.993399
0.996678
0.993548
0.996753
1
1
1
0.996678
1
0.996689
0.993485
0.996678
1
1
1
1
1
0.996721
1
0.996689
1
0.986799
0.990291
1
0.996689
1
1
1
0.9967
0.990196
0.996711
1
0.996743
0.990099
0.986842
0.993528
0.993355
0.993506
0.986885
1
0.990132
1
0.996678
0.993651
0.996711
1
1
1
0.993506
1
0.993464
1
0.990164
1
0.993485
0.990066
1
0.993421
0.993548
0.996678
0.996678
1
0.9967
1
1
0.990228
1
1
0.993378
0.993399
0.996774
0.993378
0.996753
1
0.996743
1
1
1
0.990164
0.996764
0.987302
0.996732
0.996721
0.993443
1
1
0.996711
0.996721
0.990132
0.974277
0.993421
1
1
0.990164
1
0.986971
0.996678
1
0.993464
0.993464
0.9967
0.996711
0.9967
1
0.987179
0.996711
0.993548
0.987055
0.996711
0.990415
1
0.996678
0.993421
0.996732
0.993421
1
0.996678
1
0.996711
0.993528
1
0.993355
0.996689
1
1
1
0.993464
0.9967
1
1
0.996721
0.990196
0.996732
0.996689
0.996835
0.996732
1
0.990132
0.993421
1
1
0.996678
0.993443
1
1
0.996711
0.996689
1
1
0.996689
0.996721
1
0.993443
0.996785
1
1
0.993443
0.993421
1
0.9967
0.984026
1
1
0.990099
1
0.996732
0.990164
1
0.996678
1
1
0.996721
1
0.993569
1
0.993485
0.984026
0.993378
1
0.996711
1
1
1
1
0.996721
0.996732
0.993528
1
1
1
0.990291
0.993355
0.996678
1
0.993378
1
0.983607
0.996732
1
1
0.986842
0.990415
0.993399
0.996732
0.996689
1
0.996732
0.983974
0.990099
1
1
0.993506
0.996711
1
1
0.990164
0.993485
1
0.996711
1
1
1
0.996721
0.987013
0.990385
1
0.996721
1
1
0.993399
1
1
1
0.996711
1
0.990164
0.996678
0.980831
0.987179
1
0.993443
1
0.996753
0.993355
0.993485
1
0.996689
1
0.996732
1
1
1
0.996689
0.990164
0.993528
1
0.990164
0.996743
1
0.996689
0.980769
1
1
1
0.996732
0.996721
0.996743
1
1
0.993399
1
1
0.996678
1
0.996711
0.996764
1
1
1
1
1
0.996678
0.996732
0.996721
0.996721
1
0.993399
0.993421
1
1
0.990196
0.9967
0.990196
1
0.993399
1
0.99359
0.996732
0.977707
1
0.996711
0.996711
1
0.993506
0.990323
0.996743
0.996689
0.9967
0.993464
1
1
1
0.996689
1
0.9967
0.996689
0.993485
1
0.996732
1
1
1
1
0.993355
1
0.993399
1
1
1
1
0.996795
0.993443
1
0.990164
1
1
1
1
0.987055
1
0.987013
1
0.9967
0.9967
0.996743
0.996795
1
0.990132
0.9967
0.996678
0.993506
0.9967
0.996678
1
1
0.996678
0.996721
1
1
0.996711
0.996678
1
0.986799
0.987097
1
1
0.996721
0.987261
1
0.990132
0.990099
0.996721
0.996678
1
0.996743
1
1
1
1
0.993421
0.990385
0.996743
0.996711
0.996689
0.993378
0.996721
1
0.996711
1
1
1
0.996711
0.993548
0.996689
0.996711
1
1
1
1
1
0.996721
0.9967
1
1
0.9967
0.990291
0.99026
0.9967
0.990066
1
0.993485
0.993421
0.993443
1
1
1
0.996721
0.990291
0.990066
1
1
0.993378
0.987138
0.993399
1
1
0.993485
1
0.990132
0.993355
0.993355
0.9967
1
0.996764
0.996721
0.996721
0.993506
0.996689
0.990132
1
0.996764
1
1
1
0.996678
1
1
1
1
1
1
1
1
0.996721
1
0.9967
1
1
0.993421
1
0.996678
0.993443
0.996732
1
0.996732
0.996711
0.996721
0.993485
1
1
1
1
1
0.993443
1
0.990164
0.996678
1
1
0.993421
0.993485
1
0.9967
0.987138
0.996711
0.9967
0.986971
0.993464
0.993399
0.986799
0.9967
1
1
0.996689
0.99361
0.996785
0.990066
1
0.996678
1
1
1
1
1
1
0.993548
0.996721
1
0.996678
1
1
1
0.996743
0.996689
1
0.993506
0.996689
1
0.993464
1
1
1
0.993485
1
0.996678
1
1
0.977564
0.990291
1
1
1
0.993421
0.990132
0.996721
1
1
0.996711
1
0.990323
1
0.9967
0.9967
1
0.9967
1
1
1
1
0.9967
1
0.996753
1
1
0.996753
1
1
1
1
0.9967
0.996774
1
0.990164
1
0.987138
0.996711
1
1
0.996678
0.996689
1
0.983553
1
0.993421
1
0.990291
0.996711
0.996721
0.996732
1
0.996753
1
1
1
1
1
1
1
0.990354
0.996825
1
0.996764
1
1
0.996678
0.993506
1
1
1
1
0.9967
0.993399
0.996689
1
0.996678
0.996678
1
1
0.987261
1
1
0.990196
0.990291
1
0.993443
1
1
1
0.996753
1
0.996785
0.996711
1
0.993443
0.996689
1
1
1
1
1
1
0.996721
1
0.996711
1
0.977707
0.996678
0.993506
1
1
0.986971
0.996743
0.996678
0.993485
1
0.996678
0.990228
0.990099
0.996711
0.996689
0.984076
1
0.993421
0.996689
1
0.996721
0.996678
1
0.996732
0.980392
1
0.996743
1
0.993443
0.984076
0.993378
0.996721
0.9967
0.990196
0.996711
0.996678
0.990415
1
1
0.993399
1
0.9967
1
0.996711
0.996711
0.996711
1
0.990228
0.993399
0.983974
0.993421
0.993528
1
0.996689
0.990164
1
1
0.983713
0.996711
0.993485
1
1
1
0.987261
1
1
1
1
0.996689
1
1
0.99026
1
1
1
0.993399
0.996711
1
0.990385
1
1
1
1
0.996753
1
1
1
1
1
1
1
1
1
1
0.993548
0.993464
1
0.9967
1
1
0.996678
0.996689
0.983553
1
0.996689
0.996774
1
0.996732
0.993485
1
1
1
0.990132
0.993421
1
0.987013
1
0.996678
1
0.996711
1
1
0.996732
0.993421
1
0.990196
1
0.996721
0.993506
0.990415
0.993631
1
1
1
1
1
0.993631
1
0.9967
1
1
0.996711
0.983713
0.996678
0.990164
0.993631
0.993378
1
0.974194
0.9967
0.983553
0.99361
0.996689
0.99026
1
0.993443
1
0.987179
0.993399
0.993378
1
1
1
0.996678
1
1
1
1
0.990291
1
1
1
0.9967
0.986885
0.990291
0.996711
0.996689
0.993355
1
0.9967
0.993464
0.996774
1
1
1
1
1
0.996678
1
0.993528
1
1
0.993464
1
0.993399
0.980892
1
0.987055
0.993464
1
0.996721
0.996678
0.983871
0.996785
1
1
1
0.996732
0.996711
0.993399
0.990354
1
0.996764
1
1
1
1
1
0.996721
0.996764
1
0.996764
1
1
1
0.986799
1
1
1
0.99026
0.996711
1
1
1
1
1
1
0.996743
1
0.996732
0.996711
1
0.9967
0.996785
0.986711
1
1
0.996732
0.996743
1
1
1
1
0.993464
1
1
1
0.9967
0.996711
0.977564
1
1
0.993528
0.996743
1
0.996732
0.993464
1
1
0.996743
0.986971
1
0.996711
1
1
1
0.996732
0.990228
0.996678
0.996732
1
0.990228
0.993548
0.996689
1
1
0.993464
0.996689
1
1
0.9967
1
0.996721
1
0.986842
1
1
1
0.996743
0.990132
0.980392
0.964856
0.996678
0.99026
1
1
1
0.987138
1
1
0.996732
1
1
0.996732
0.993443
1
1
1
0.990196
0.993485
1
1
0.993443
0.990385
0.990323
0.993569
0.993528
1
0.996711
0.996743
1
1
0.996732
0.993399
0.99026
0.990291
0.993528
1
0.996753
0.990132
1
0.996711
1
0.996753
1
1
0.993355
1
0.993421
1
1
0.996721
0.996764
1
1
0.993443
0.990196
0.990291
0.996721
0.980392
0.996689
1
1
1
1
1
0.980769
1
1
0.980456
1
0.99026
1
1
0.996678
1
0.993485
0.993355
0.9967
1
1
1
1
0.993464
1
1
0.986842
0.9967
0.9967
0.996764
1
1
0.996678
1
0.990196
1
0.986928
0.996678
0.996753
0.986842
0.987179
0.993378
0.993399
1
0.996689
0.993399
0.996678
0.996711
0.996678
0.99026
1
1
0.986842
1
0.9967
0.996689
0.990291
0.993485
1
0.990132
1
0.993506
1
0.996678
0.996689
0.993399
0.977199
0.993528
1
1
1
0.996764
0.993485
0.996678
0.990354
1
0.98366
0.980645
1
1
0.993443
0.996678
1
1
1
1
1
0.993651
1
0.993464
0.996678
0.996711
1
1
0.996721
1
0.990099
0.98366
0.993399
0.996678
0.996732
1
0.996785
0.996753
1
1
1
0.993421
0.993485
0.993399
0.990323
1
0.993464
0.990291
0.996774
1
0.993443
0.996711
0.993421
1
1
1
0.993399
0.993464
0.996711
0.993399
0.98722
1
0.993399
1
0.996732
1
1
0.990228
1
0.99026
1
1
1
0.993378
1
1
0.993485
0.996743
0.996689
1
0.996774
1
1
1
0.996678
1
0.993485
0.996711
1
1
0.996721
1
0.996721
0.996711
0.996689
0.993355
0.996689
0.996774
1
1
0.996678
0.996721
0.986971
0.993421
0.996732
0.993485
1
0.996764
0.996743
0.993506
1
0.993421
0.980707
0.996711
1
0.993399
0.996689
1
0.996753
0.996732
1
0.993399
0.996711
1
1
0.9967
1
0.9967
1
0.990196
0.990446
1
1
0.996678
1
1
0.996732
1
0.996678
0.996678
0.996689
0.9967
1
1
1
1
1
1
0.993631
0.996743
0.990164
1
1
1
1
0.990385
1
0.996732
0.993443
0.986885
1
0.996678
0.9967
0.990228
0.996743
1
0.983923
1
0.996678
0.987055
0.996711
0.996678
0.996689
0.993485
1
1
0.986799
0.993569
1
0.984076
1
1
1
0.993421
1
0.990164
0.996785
0.996678
0.993421
0.993485
0.990228
1
1
0.993421
0.996732
1
1
1
0.990385
0.996678
0.996721
1
1
1
0.996753
0.990228
0.986885
0.996732
0.9967
1
0.996711
0.996689
1
0.996721
0.996689
1
0.993421
1
1
0.99361
1
1
1
0.990132
0.993548
1
0.986928
0.993506
1
1
1
1
1
0.993485
1
1
1
0.996678
0.993399
0.993443
1
1
1
1
0.996711
0.9967
1
1
0.996689
0.993528
1
0.996711
0.993506
1
0.9967
1
1
1
1
1
0.996689
1
0.996743
0.993485
0.993528
0.993528
0.996689
0.996711
0.993443
1
1
1
0.996774
0.9967
1
0.996732
0.993421
1
1
0.993464
1
0.990415
0.996711
1
0.996711
1
0.993421
0.996721
0.993421
0.996689
0.9967
0.996678
1
1
1
0.993485
1
0.993528
1
1
1
0.993421
0.996689
1
0.993631
1
0.9967
1
1
0.980519
0.996711
0.996678
1
0.996711
0.993378
0.990196
1
1
0.986928
1
1
1
0.993378
0.996764
0.993528
0.993443
1
1
0.996711
0.980583
0.9967
1
0.990196
1
0.996721
0.977492
0.990099
1
1
0.996711
0.993506
0.996678
1
0.996689
1
0.993443
1
0.986885
0.993399
1
1
0.993528
1
1
0.996689
0.990291
0.990099
0.990354
1
1
1
0.993548
0.993421
0.996753
1
0.9967
1
1
1
0.996732
0.996678
1
1
1
1
1
0.993464
1
0.996774
0.990164
1
0.996785
0.9967
1
0.996753
1
0.990476
1
0.993485
1
1
1
1
0.993528
0.9967
1
0.993548
0.993464
1
0.993443
0.993355
1
1
1
0.986755
0.993528
1
1
0.996689
0.993569
1
1
0.993399
0.986799
1
0.996753
1
0.990164
0.993399
1
1
1
0.996721
0.996721
0.993485
1
0.993443
0.996732
1
0.996743
0.983974
1
1
1
0.996678
1
0.993421
0.996711
0.996711
1
1
1
0.987138
1
0.993355
1
1
0.996743
0.993506
0.996711
0.996678
0.993399
1
1
1
1
0.990228
1
0.9967
0.996753
0.993399
0.996732
0.996689
0.996721
1
0.9967
0.993443
0.993506
0.993355
1
1
1
1
1
1
0.990132
1
0.977199
0.996711
1
0.996753
1
1
0.990228
1
0.993485
1
1
0.986885
0.986885
1
0.983819
1
0.996764
0.996732
0.996711
1
1
0.996743
0.996732
0.993421
1
1
1
0.986885
0.987261
1
1
1
1
1
0.996743
1
1
0.993506
0.993421
1
1
0.996689
0.996689
0.996689
1
1
0.99026
1
1
0.990291
0.986799
0.987055
1
0.996689
1
1
0.996689
0.993399
0.996678
0.993421
1
0.996711
0.996711
0.9967
1
1
1
1
0.996711
0.996721
0.996753
1
0.993443
1
1
0.9967
0.990415
0.996689
0.996753
1
1
0.996721
0.993399
0.996711
1
1
0.993528
0.9967
0.993421
0.996689
1
0.990323
1
1
1
0.996721
1
1
1
0.977199
0.993548
0.993421
1
1
0.996743
1
0.996774
1
0.986885
1
0.993528
1
1
1
0.9967
0.990164
1
0.996743
1
0.996689
0.987138
0.993548
0.996743
1
1
1
0.993355
1
1
1
0.993528
0.990164
1
0.993548
1
1
1
1
0.996753
0.996689
1
1
0.993399
0.996689
1
1
1
0.996678
0.996721
1
1
0.993378
1
1
1
1
1
0.996678
0.993378
1
0.990099
1
1
1
1
0.996732
0.996732
1
0.993421
1
1
1
1
1
0.987097
0.996689
0.996689
0.990132
1
0.996689
1
0.996795
0.993485
0.996774
0.993443
1
1
0.996732
1
1
0.990196
0.996678
0.996732
0.996689
1
0.987097
0.987055
0.996732
0.990291
1
1
1
0.993711
0.996785
1
1
0.987342
0.993506
0.996689
0.987097
0.996753
0.990196
0.993548
1
1
0.990132
0.993506
1
1
0.996721
0.993443
1
1
1
1
0.987179
0.993421
0.993399
1
0.986842
0.9967
1
0.99026
0.9967
1
1
1
0.993378
0.9967
1
0.9967
0.9967
0.986971
1
0.993506
0.990164
1
1
0.993464
1
0.993421
1
0.990415
0.993399
0.9967
1
0.996689
0.993399
1
1
1
0.990446
0.990291
0.9967
0.990066
0.996689
0.996689
1
0.993548
1
0.993443
0.990099
0.993443
0.996711
0.996721
1
0.996678
1
1
1
0.993464
0.990099
0.986928
0.993506
0.996743
0.9967
0.993378
1
1
0.996753
1
1
0.993485
1
1
0.986971
0.981013
1
1
1
0.990228
0.996753
1
0.996711
0.993464
1
0.990196
0.990196
1
0.993443
1
0.993464
1
0.996711
1
1
1
0.996711
1
0.996764
0.993399
0.983553
0.996743
0.993528
0.996774
1
1
1
0.996689
1
0.996721
1
0.993464
1
1
1
0.993399
0.993378
1
0.996764
1
0.993421
0.993378
0.993421
1
0.993464
1
0.9967
1
0.996753
1
1
0.990446
1
0.996764
0.996678
1
0.990291
1
0.996678
0.990099
0.9967
1
1
0.996678
0.996732
0.987138
0.996711
0.990132
0.993421
1
1
1
0.990164
1
1
0.986799
0.996774
0.986928
1
0.993355
0.996678
0.996743
0.980769
1
0.987055
1
0.996678
0.996689
1
0.996785
0.990196
1
0.993443
0.996678
0.99359
0.993421
1
0.993421
0.993399
0.996774
0.996732
1
0.993443
1
1
0.996678
1
1
0.9967
1
1
0.990385
0.993355
0.996732
1
1
0.9967
0.990196
1
0.996732
0.990228
0.993631
0.990228
1
1
1
0.987013
0.993443
0.996732
0.996721
1
1
1
0.993399
1
0.993464
1
1
1
0.990385
0.993506
0.990228
0.996678
1
0.996721
0.996689
1
0.983766
1
0.996785
1
0.993506
1
0.993421
0.990164
0.996711
0.996732
1
1
0.990228
0.996678
0.996678
0.996711
0.986971
0.996689
0.993528
0.993421
0.996743
1
1
1
1
0.987097
0.996689
1
0.996743
1
1
1
1
0.996678
0.993421
0.987179
0.993528
1
0.996689
0.996711
1
1
1
0.9967
0.993443
0.987261
0.993355
1
0.993399
1
1
1
0.990354
0.996764
0.996689
0.990228
0.996721
0.984026
0.996711
0.996711
0.993528
1
0.993399
1
1
0.987097
0.993548
1
1
1
1
0.986885
1
0.993421
1
1
1
0.990385
1
0.993443
0.996689
0.984076
1
0.993528
0.996689
0.993355
1
1
1
0.993355
0.996732
0.9967
1
0.983498
0.9967
1
1
1
1
0.996753
0.993399
1
1
1
1
1
1
0.996678
0.993421
0.993378
1
0.977636
1
1
1
0.996678
0.993399
0.993506
0.993421
0.990385
0.996689
0.987097
1
0.9967
0.99026
0.993506
1
0.993399
1
1
1
1
1
1
0.996678
1
0.993399
0.996678
1
0.993443
0.993421
1
1
0.996743
1
0.993548
0.993378
1
0.996732
1
0.996678
0.996721
0.996795
0.996678
0.990132
1
1
1
0.9967
0.993548
0.990099
1
1
1
1
1
0.9967
0.990066
0.996689
1
0.990228
0.990385
0.993506
1
0.996689
0.993651
0.990228
1
1
0.996732
0.993399
1
1
1
1
0.996689
0.996689
0.990323
1
1
0.990132
0.980892
0.993528
1
1
0.993548
1
1
0.996743
1
0.993506
0.983974
1
1
1
0.9967
1
0.990323
0.996764
0.983766
1
1
1
1
0.993399
0.993485
0.996689
0.993421
1
0.993399
1
0.983766
1
1
1
0.993485
1
0.996689
1
1
0.996678
1
0.996689
0.993506
1
0.993443
1
0.993399
0.996678
0.993569
0.99359
0.996689
1
0.993421
1
1
0.993485
0.993421
1
0.996721
1
1
0.9967
1
0.996721
0.996678
1
1
1
1
0.996678
1
0.996678
0.996721
0.996678
0.996743
0.996711
0.996678
1
1
0.990196
0.993443
0.990323
1
1
1
0.990066
0.996678
0.9967
0.996774
0.987097
1
0.996678
0.993506
0.993485
1
0.987013
1
1
0.996689
1
0.990291
1
0.993399
1
0.996711
1
0.996678
1
0.990354
1
0.993443
1
0.986971
1
1
0.9967
1
1
1
1
0.996825
0.983974
1
1
0.990354
1
1
1
1
0.986842
0.990291
0.9967
0.996753
1
0.980769
1
0.996743
1
1
0.993421
0.996743
0.990566
0.996689
1
1
0.990132
1
1
0.996721
1
1
1
0.990099
0.993485
0.993443
0.993399
0.993399
0.996732
1
1
0.996743
1
0.993421
0.993443
1
1
0.996678
1
1
0.996689
0.990228
0.996689
0.983766
0.993443
1
1
1
