8.23801e-05
5.64807e-05
2.28217e-05
1.37294e-05
0.0905556
9.25947e-05
0.00869042
0.0165156
0.0502174
3.38436e-05
0.0167779
0.0325527
0.0128294
0.03034
0.000102835
0.0225199
7.02634e-05
7.83229e-05
0.000108642
0.0699315
0.0685979
0.0134074
0.0341659
0.00746315
0.00953872
0.000540063
0.010902
0.0100952
0.0707743
0.000336718
0.000244385
0.0114442
0.0737521
0.0313407
0.0743665
0.0325063
0.000202737
0.00171213
0.0404175
0.0762861
0.074081
0.00150451
0.00232104
0.101452
0.0496456
0.00768902
0.137574
0.0256863
0.0196879
0.0196379
0.122308
0.0172808
0.0218932
0.00793668
0.0399203
0.00115964
0.167852
0.00952964
0.0176633
0.0948693
0.0811054
0.122582
0.0274317
0.00547672
0.0353385
0.00145203
0.0494982
0.0019457
0.0325949
0.0615168
0.0186043
0.145084
0.129322
0.0968766
0.0993635
0.00969664
0.0444861
0.0228849
0.25531
0.00213844
0.163844
0.00364062
0.0692749
0.0180095
0.079594
0.180058
0.0913465
0.147716
0.292605
0.00250399
0.0159121
0.074869
0.0341549
0.00763694
0.00238851
0.0241425
0.210152
0.0248003
0.00219177
0.0286011
0.0679623
0.0180493
0.01641
0.130961
0.031473
0.108963
0.138997
0.0764212
0.0166236
0.154016
0.0488849
0.182838
0.331372
0.0408636
0.0759267
0.0204324
0.0346837
0.130414
0.0549715
0.0296907
0.00188217
0.0946811
0.0302401
0.115334
0.0114737
0.0418941
0.00312902
0.0442501
0.0429575
0.0388251
0.0819169
0.149465
0.00307122
0.107169
0.0118509
0.0197838
0.118113
0.011274
0.172198
0.0270288
0.0680978
0.0288362
0.181188
0.0769447
0.0564967
0.00437126
0.0846794
0.0328041
0.0557761
0.0939626
0.0748664
0.0626086
0.0417329
0.0814768
0.0459454
0.0145099
0.022219
0.0215824
0.00408038
0.0318157
0.00639957
0.0034002
0.189186
0.110807
0.00153626
0.130938
0.0471689
0.173114
0.00334986
0.0695952
0.0139638
0.00229187
0.0559281
0.0547073
0.00748634
0.0137479
0.0488588
0.000490601
0.163076
9.09399e-05
0.014753
0.160518
0.0507904
0.0463028
0.0026045
0.0499899
0.0194679
0.000991449
0.0041146
0.23277
0.00563421
0.0438999
0.24256
0.0325035
0.14647
0.0354561
0.0177414
0.0325429
0.0808598
0.000946478
0.0144263
0.0604203
0.0911972
0.054486
0.211535
0.01607
0.0613702
0.035559
0.0142374
0.026127
0.0686894
0.00813008
0.0198867
0.00460567
0.0442459
0.000591568
0.00139672
0.0416171
0.000614477
0.0788247
0.0579798
0.143847
0.0474578
0.0415699
0.0325249
0.0353062
0.127626
0.0781204
0.0204582
0.023789
0.205375
0.118524
0.00520962
0.0447178
0.0419442
0.0791583
0.0144853
0.0445493
0.095959
0.00542272
0.136268
0.0501027
0.0841987
0.057924
0.0115528
0.151527
0.0474155
0.0898083
0.0579538
0.0415163
0.00458263
0.120341
0.0757485
0.0657569
0.0239495
0.0244
0.000310926
0.0152323
0.0167411
0.0382797
0.130687
0.00919875
0.140954
0.100883
0.0494203
0.0354201
0.148809
0.0810065
0.000780718
0.0100018
0.0537657
0.000439038
0.0316788
0.0748599
0.164124
0.0104887
0.0669585
0.0209894
0.0290297
0.0282345
0.0722559
0.162134
0.0682748
0.0406245
0.00461099
0.0258771
0.0733611
0.0421557
0.0410421
0.128662
0.000800593
0.0788382
0.112707
0.051589
0.0710171
0.00983784
0.0376552
0.108555
0.131986
0.0543264
0.0450318
0.0767748
0.0620846
0.111911
0.0459939
0.000813526
0.0360326
0.010088
0.00930631
0.078718
0.0163802
0.0980159
0.0591136
0.105878
0.0185974
0.0831449
0.0298532
0.0387123
0.0155955
0.0259892
0.0903127
0.119298
0.0856662
0.000485952
0.0356138
0.169662
0.150616
0.0550731
0.0539491
0.0545757
0.0452612
0.000373728
0.0557662
0.0185393
0.0461994
0.173294
0.000504864
0.0197041
0.0375793
0.108194
0.0205049
0.122934
0.0147355
0.0550961
0.0832565
0.113378
0.0282915
0.00142144
0.00416276
0.0176513
0.0548424
0.0214
0.0266653
0.000897737
0.00142544
0.250301
0.00615259
0.0203252
0.0518098
0.0104488
0.0246989
0.068636
0.0389178
0.00873529
0.251319
0.0299796
0.103736
0.0786751
0.00179631
0.0161244
0.0340484
0.0398
0.0490134
0.0940987
0.0897895
0.0369089
0.0175452
0.0715993
0.0607844
0.0370956
0.158927
0.0648539
0.096663
0.104193
0.137049
0.0638829
0.0389851
0.0218474
0.0299033
0.00419128
0.000744345
0.000574984
0.0307079
0.00134803
0.0489852
0.104356
0.0253431
0.0777119
0.0385701
0.0111217
0.0753178
0.05373
0.00158585
0.00137526
0.000341488
0.0493546
0.0301425
0.0383544
0.0340675
0.0507619
0.0945208
0.0141592
0.0226167
0.0296293
0.00821117
0.00424199
0.0640945
0.00350775
0.0120564
0.0601235
0.000259561
0.0712674
0.0428921
0.0259056
0.0779487
0.00383258
0.0444806
0.0177884
0.086994
0.0824504
0.0815784
0.00686969
0.00481429
0.000783648
0.00331996
0.0296327
0.00396289
0.00474858
0.118297
0.0527651
0.0231275
0.0119529
0.0211847
0.00302849
0.0789132
0.0231393
0.0305771
0.0312613
0.0528325
0.0725815
0.0741541
0.00797678
0.106517
0.107666
0.00372302
0.0278791
0.0273471
0.0290362
0.0592475
0.00647921
0.0148716
0.107767
0.105341
0.28331
0.0759977
0.044958
0.115978
0.0240959
0.0570353
0.121119
0.00270294
0.0234951
0.0215889
0.0258278
0.0366119
0.0118069
0.0872513
0.0146787
0.0385642
0.0677286
0.0373312
0.00316029
0.0763473
0.0332242
0.0778121
0.0553161
0.0188612
0.0379191
0.0456288
0.0960377
0.0201486
0.00529933
0.0877991
0.00792616
0.0530263
0.139837
0.0271893
0.00562474
0.0162901
0.031972
0.0304364
0.0227103
0.0357384
0.00110763
0.00102225
0.050684
0.136149
0.0191116
0.00209164
0.106022
0.0619471
0.0203111
0.0204035
0.0786118
0.0157898
0.066298
0.0423364
0.031974
0.278165
0.177329
0.00107388
0.0536055
0.00987384
0.00668923
0.207279
0.00105605
0.0062051
0.0722394
0.0167645
0.131894
0.0843237
0.181242
0.0281754
0.0222945
0.0176873
0.00670263
0.075078
0.0146944
0.0829883
0.0375944
0.0930245
0.0495192
0.00859252
0.114166
0.0226287
0.0236761
0.0126411
0.0170817
0.00533368
0.0211608
0.037553
0.0699603
0.0499665
0.0600483
0.0131216
0.0240953
0.0481925
0.10099
0.0346492
0.00747136
0.0345003
0.00533568
0.163205
0.0361515
0.00823069
0.00808083
0.0366198
0.0419061
0.0126922
0.135302
0.00338519
0.0248237
0.0146432
0.0726871
0.0602009
0.117426
0.000367135
0.195167
0.0241855
0.0986983
0.0463593
0.12548
0.0355879
0.0205586
0.0594721
0.0340465
0.00816609
0.139765
0.0328926
0.000883012
0.0184978
0.000170464
0.131373
0.0496892
0.0379432
0.00476856
0.0243102
0.0118431
0.196349
0.0609269
0.0868585
0.0708458
0.0302706
0.0240559
0.03966
0.0145584
0.00328602
0.0813885
0.125052
0.0344868
0.0741602
0.00218675
0.0307852
0.141239
0.0382171
0.010606
0.016428
0.0214814
0.0227922
0.0957408
0.00544745
0.0608769
0.0250478
0.0438975
0.00226356
0.0429461
0.0167529
0.000448579
0.0467801
0.0497232
0.00252041
0.110738
0.0177976
0.198133
0.00586338
0.073799
0.00650507
0.0488716
0.00495156
0.0478299
0.0953728
0.169254
0.0318563
0.0411598
0.0326167
0.00612191
0.0213967
0.0523199
0.0307898
0.0706743
0.0210898
0.0270997
0.083297
0.194228
0.0597751
0.0143376
0.0133356
0.00694039
0.0122572
0.0671746
0.0559387
0.0377506
0.000575724
0.0241405
0.0334819
0.0321932
0.0186908
0.0747561
0.0732145
0.0609036
0.111495
0.0609301
0.0468481
0.0684681
0.170744
0.106038
0.0210476
0.0182129
0.0119442
0.0992935
0.0253063
0.0242949
0.0115958
0.0136488
0.0187893
0.0633909
0.00243876
0.00313202
0.0871106
0.0123352
0.0643724
0.0515263
0.0213979
0.0281679
0.092792
0.116159
0.028616
0.0225161
0.0157616
0.0243241
0.0221547
0.0208192
0.0682694
0.0394399
0.021921
0.0259098
0.0876614
0.0095325
0.0681539
0.0195064
0.0651977
0.0210866
0.00357718
0.0529571
0.00948231
0.000531569
0.0162583
0.00106825
0.127138
0.0206701
0.105466
0.0165742
0.0366205
0.137305
0.0306988
0.0787336
0.0035049
0.0282514
0.0620292
0.0235784
0.0132527
0.000396359
0.0096835
0.00353061
0.0342817
0.00117413
0.0564146
0.00603159
0.0617488
0.0839564
0.0401361
0.031877
0.0349845
0.0610443
0.000452619
0.0367105
0.186999
0.100369
0.0227901
0.0490357
0.0319587
0.123997
0.00822694
0.0044724
0.0639531
0.0023711
0.0839424
0.0113412
0.0658015
0.0246579
0.0260201
0.000497888
0.0539738
0.0634974
0.0258925
0.00126953
0.0114374
0.136582
0.0265438
0.101928
0.0597583
0.0267192
0.0123601
0.0970639
0.0297946
0.0823261
0.00194934
0.0364428
0.00959718
0.00744837
0.00401845
0.0205108
0.0297302
0.02111
0.0795862
0.0289233
0.127631
0.000500673
0.00489561
0.0661868
0.000325805
0.00400282
0.0390552
0.020454
0.0406646
0.0557127
0.0102667
0.0168374
0.0107994
0.0375352
0.00574924
0.060226
0.00905904
0.10263
0.0406776
0.0619375
0.134665
0.00790904
0.00183066
0.0137894
0.01809
0.0190122
0.0205588
0.0277584
0.0052995
0.0269365
0.069599
0.0124197
0.0293125
0.071051
0.0491602
0.152816
0.0305931
0.000121142
0.0195424
0.00420001
0.180861
0.139818
0.0158424
0.0240467
0.0155348
0.00106117
0.0830943
0.0892523
0.00069741
0.0579697
0.00830768
0.000189575
0.0198358
0.00639299
0.00993203
0.0203022
0.0285268
0.00901061
0.0755012
0.0427157
0.0667768
0.0490477
0.00157941
0.0675717
0.059384
0.00106136
0.0674854
0.00778112
0.043245
0.110507
0.0706498
0.0924177
0.139766
0.0359769
0.0127309
0.0018926
0.00510143
0.0202923
0.0343035
0.0286069
0.0566237
0.0252584
0.0261849
0.0758453
0.0560207
0.0194702
0.122576
0.0454062
0.0691519
0.062573
0.000247754
0.0108302
0.0102337
0.00492811
0.0239041
0.0168995
0.072141
0.118825
0.0628802
0.0468574
0.0129724
0.000965956
0.00109271
0.0147081
7.76642e-05
0.0376335
0.0686647
0.0586923
0.00669529
0.0130589
0.172244
0.00468647
0.00019054
0.0189888
0.00486229
0.0179547
0.0189747
0.0477726
0.00194069
0.00824603
0.104815
0.0856009
0.0222074
0.00451119
0.0926678
0.0634916
0.0367195
0.00279745
0.016712
0.0346499
0.000316303
0.102939
0.0061583
0.0431611
0.00949464
0.0399313
0.0302105
0.0800033
0.0185054
0.0490243
0.0485643
0.0413439
0.0257245
0.00455048
0.0171831
0.0131992
0.0105738
0.0861699
0.0593642
0.0339395
0.0223036
0.0579116
0.0114454
0.0502591
0.0135536
0.0140327
0.00490437
0.0106994
0.015201
0.0436074
0.000217791
0.162006
0.169585
0.0329613
0.0742598
0.0229934
0.0281565
0.0100446
0.0254519
0.012262
0.00724684
0.00386787
0.0658721
0.0322227
0.0340788
0.00587084
0.0263474
0.0116008
0.052252
0.00268358
0.0516019
0.0254306
0.0292934
0.0953918
0.000348665
0.00905531
0.000244807
0.00807702
0.00852201
0.0494324
0.0096652
0.0023725
0.103689
0.0167911
0.00046992
0.000205974
0.0164846
0.0155094
0.0533485
0.0462772
0.00108862
0.0219678
0.00688217
0.0233023
0.063549
0.0395694
0.0400171
0.0665139
0.12831
0.0447868
0.244074
0.0190958
0.0085033
0.00276031
0.00312058
0.0097844
0.020151
0.0554018
0.0523251
0.0236178
0.087802
0.135043
0.0469449
0.169547
0.0676718
0.013648
0.196039
0.0434133
0.0248719
0.0798661
0.0390648
0.0486233
0.00746367
0.007079
0.000329104
0.013357
0.0191417
0.00620076
0.127606
0.00130945
0.0135565
0.0283872
0.0256588
0.0453681
0.0428764
0.000520379
0.000176675
0.00195891
0.0352483
0.13151
0.0153298
0.0347593
0.166361
0.0473035
0.0729648
0.0109779
0.00027319
0.0563074
0.00175928
0.000289108
0.0314587
0.0300378
0.00974709
0.0295208
0.029077
0.00910296
0.122549
0.0605817
0.00219424
0.0688914
0.0390591
0.0142046
0.0104446
0.0585493
0.122707
0.0303289
0.00853642
0.058977
0.103042
0.0378931
0.109255
0.00717378
0.0385731
0.0528885
0.000378742
0.0261759
0.0690396
0.0210478
0.0962731
0.0692376
0.0426597
0.0423946
0.0130249
0.0503484
0.0168016
0.0010744
0.000542047
0.0436072
0.00480044
0.0872487
0.0123341
0.0249577
0.0450938
0.0226722
0.0180535
9.31755e-05
0.0471054
0.00584481
0.0292221
0.00548132
0.0248031
0.0166436
0.0465971
0.0524599
0.00305589
0.0111109
0.00257184
0.0172448
0.0433537
0.0408926
0.0696221
0.011742
0.0199869
0.0595334
0.0342875
0.000821905
0.186465
0.176298
0.0146861
0.0279911
0.0490446
0.0204239
0.0214001
0.016403
0.0220655
0.008218
0.0228446
0.0187101
0.0278606
0.0221089
0.0791674
0.0683759
0.000197228
0.00747802
0.0207421
0.0165697
0.106104
0.0201958
0.00043163
0.0675032
0.000575832
0.266943
0.0154741
0.0207493
0.0541474
0.147833
0.00313029
0.0380337
0.0557545
0.000432947
0.0158605
0.051163
0.03787
0.0212409
0.0605268
0.0136654
0.121324
0.0501712
0.00275412
0.0724838
0.0461359
0.00497748
0.0422831
0.0674101
0.0521658
0.0385474
0.060543
0.0121357
0.0212044
0.0421903
0.0253047
0.083564
0.0120486
0.0069972
0.0305976
0.0506774
0.0664339
0.0251162
0.0951722
0.0125631
0.00557559
0.00563903
0.049659
0.212282
0.0394689
0.0173035
0.07842
0.0537182
0.00449905
0.064446
0.0710555
0.00117626
0.0876882
0.056254
0.010987
0.0405635
0.0149656
0.0744553
0.0170128
0.0600229
0.0545887
0.038367
0.000652929
0.013781
0.0812927
0.000952615
0.00607712
0.0169983
0.069431
0.0136293
0.0252101
0.00562421
0.0383235
0.02083
0.00901354
0.0267705
0.0262409
0.0538785
0.0815734
0.0066647
0.195714
0.00644316
0.0140909
0.152719
0.0316729
0.0186769
0.0841744
0.000167592
0.0259448
0.00460417
0.120697
0.0783344
0.00494843
0.0961901
0.0266416
0.0856262
0.0325746
0.0181162
0.100934
0.0083865
0.0702939
0.000494552
0.133851
0.164108
0.0436604
0.104849
0.0102002
0.126036
0.000332727
0.000145173
0.0118182
0.0154176
0.0262751
0.00840497
0.0479506
0.0387251
0.018618
0.00514565
0.103496
0.0248744
0.112858
0.0771928
0.0234737
0.00730241
0.0557065
0.000983131
0.128769
0.00658852
0.0372972
0.0068149
0.0107978
0.00727821
0.0362674
0.00144102
0.013817
0.0952048
0.0230312
0.0295613
0.0142427
0.140258
0.0645095
0.0299925
0.0208555
0.0553988
0.0107382
0.0111033
0.0234662
0.0962185
0.0128844
0.0887464
0.0439698
0.0393455
0.108361
0.0227785
0.0350992
0.0696157
0.00101917
0.0646798
0.0020118
0.166866
0.043416
0.0790042
0.0474642
0.0119514
0.00612868
0.0654676
0.0151464
0.0254058
0.043149
0.022093
0.0078162
0.181342
0.0228513
0.019075
0.0617868
0.109106
0.0183827
0.0237281
0.0710938
0.00015206
0.0402342
0.00578166
0.101995
0.128162
0.00213077
0.0298182
0.0217166
0.0655541
0.04094
0.00156336
0.0320221
0.0224707
0.00849335
0.0091011
0.0023186
0.00999484
0.00507955
0.0279692
0.0787675
0.0378196
0.0172247
0.0299094
0.0393723
0.0958571
0.0203054
0.0284312
0.0171854
0.0868192
0.0061886
0.00791443
0.0161442
0.000377338
0.00185321
0.0591286
0.0491036
0.0182229
0.00269766
0.00125182
0.174033
0.0516861
0.0326428
0.0257719
0.0129884
0.0109668
4.1401e-05
0.0299014
0.0352462
0.020878
0.0738789
0.00944837
0.0291078
0.093691
0.0168321
0.000203207
0.0137194
0.0129343
0.0236585
0.0158472
0.0241087
0.00120887
0.000766396
0.0101392
0.0346956
0.0363596
0.0166709
0.0272789
0.0382009
0.0977013
0.111224
0.0416992
0.00246463
0.0153089
0.0102703
0.0724956
0.0460444
0.00049418
3.24387e-05
0.00609219
0.00839739
0.0141102
0.0116718
0.0394376
0.0258602
0.022819
0.00760824
0.0146558
0.0664929
0.0938546
0.00665669
0.204055
0.0802565
0.0102565
0.0987998
0.000297402
0.0556991
0.0618977
0.0126477
0.163845
0.148976
0.00513304
0.067442
0.0211768
0.0105365
0.00142991
0.00780059
0.0484732
0.0155829
0.0190714
0.00743627
0.00257885
0.125746
0.00279112
0.0205098
0.0197957
0.0258222
4.84104e-05
0.0172521
0.005633
0.0204113
0.00120649
0.0466751
0.0543811
0.00517224
0.0140719
0.113797
0.0654783
0.0155373
0.00778791
0.00315364
0.0731213
0.0212103
0.0158097
0.00400447
0.00228839
0.0148285
0.00684717
0.0040579
0.00124343
0.0114657
0.0656988
0.0473488
0.144129
0.0908474
0.0402469
0.0274639
0.0636867
0.0373787
0.126088
0.000180843
0.0658245
0.0558078
0.0023482
0.00626903
0.0154039
0.0375132
0.0374798
0.0443169
0.0659977
0.0906537
0.00111585
0.0595996
0.00400091
0.00319163
0.0029888
0.0414815
0.0447596
0.0342641
0.00401761
0.0283625
0.0478708
0.00357718
0.0408848
0.0732287
0.00651622
0.0563751
0.0691625
0.0270837
0.000244528
0.0208376
0.102065
0.0634235
0.0280004
0.029646
0.00784681
0.00289175
0.0358365
0.0318098
0.0622607
0.00498785
0.0823407
0.0549955
0.0126904
0.0984919
0.000417231
0.0213027
0.0205722
0.11674
0.00996912
0.0408316
0.00205893
0.0141987
8.35644e-05
0.00961837
0.00754245
0.0105868
0.0074325
0.0184522
7.19044e-05
0.000186815
0.0398548
0.0225826
0.105281
0.0131267
0.0535799
0.0126995
0.0110581
0.0488228
0.00616554
0.0101957
0.017946
0.00424043
0.0102171
0.0145322
0.139523
0.00699871
0.00740459
0.012792
0.000531448
0.00356668
0.00114558
0.0481589
0.0593026
0.0229652
0.000231712
0.0204919
0.0429398
0.0426177
0.172924
0.0178566
0.0624756
0.0367052
0.0578726
0.0360897
0.0813908
0.0115626
0.000141348
0.0133553
0.00504606
0.0461553
0.000372236
0.0269606
0.00623652
0.191327
0.0470324
0.0378083
0.0842358
0.00415653
0.0625258
0.001089
0.00764482
0.0390758
0.00785733
0.0888736
0.0790325
0.0355588
0.0391025
0.00130413
0.00982578
0.0076019
0.0250453
0.020654
0.00756577
0.0098609
0.0475864
0.014068
0.0426119
0.026207
0.0101992
0.0276095
0.0928129
0.00712877
0.0744237
0.0488053
0.0109497
0.014733
0.0247167
0.00851084
0.00349655
0.0445411
0.0442187
0.000151295
0.000272706
0.00513481
0.00625432
0.000604031
0.0365609
0.00103751
0.0308114
0.0131079
0.0221409
0.0318004
0.0371847
0.0398702
0.0869175
0.0379796
0.0353891
0.0495291
0.0143315
0.0136078
0.0905566
0.0234422
0.0256291
0.0531651
0.0513326
0.0102118
0.0392284
0.0181206
0.0023303
0.00473203
0.0406735
0.0181322
0.0161235
7.97283e-05
0.035774
0.0362205
0.00894309
0.0174513
0.00387812
0.00895631
0.0340476
0.000991744
0.00314524
0.00535593
0.0516964
0.0341011
0.119074
0.03738
0.077068
0.00326528
0.0851104
0.0153347
0.0378852
0.0323188
0.0193742
0.0362154
0.0102854
0.0596644
0.0510729
0.0522034
0.0481826
0.0210401
0.0196721
0.010236
0.0742085
0.0188789
0.055465
0.0428028
0.00471364
0.00097668
0.0191183
0.00393955
0.000329047
0.00389591
3.95933e-05
0.0228898
0.0559684
0.00986742
0.00554314
0.00554421
0.0481788
0.0044497
0.0206865
0.000642409
0.0074948
0.0184393
0.0218368
0.0623959
0.0463845
0.0183074
0.017495
0.0777041
0.00207732
0.00551988
0.0636602
0.0462929
0.117752
0.0987341
0.0128113
0.0116891
0.0246757
0.0375537
0.010029
0.0144716
0.00999774
0.0740446
0.178819
0.0186291
0.0195358
0.0107263
9.88062e-05
0.00466497
0.00649609
0.00289112
0.0195957
0.0331318
0.0333733
0.0314429
0.00311644
0.000244796
0.0163916
0.220487
0.00719511
0.0195486
0.00674239
0.0183429
0.0150284
0.0141144
0.0289692
0.00019204
0.0626946
0.0455224
0.0162112
0.0196185
0.00984198
4.1429e-05
0.0123053
0.0182345
0.00478438
0.0351146
0.00767399
0.0209943
0.0159193
0.00481358
0.00311375
0.0525428
0.00866719
0.0968953
0.013001
0.0110633
0.104526
0.0319802
0.00531648
0.0768997
0.0405189
0.00775012
0.0210956
0.022196
0.0275181
0.0464109
0.0680666
0.0182613
0.0456258
0.00831586
0.0391185
0.0304811
0.0189189
0.00597899
0.0847484
0.117497
0.00443192
0.0253188
0.167271
0.0323327
0.0318756
0.00340054
0.00697738
0.0327432
0.0510893
0.0541413
0.0143932
0.00996993
0.134178
0.013322
0.00130691
0.0303618
0.0193959
0.012787
0.0840049
0.0306609
0.038394
0.07707
0.00661127
0.0124238
1.57195e-05
0.0120182
0.024819
0.0151516
0.0125665
0.0137164
0.000177309
0.0439178
0.061797
0.0325735
0.0435331
0.0134414
0.000196043
0.0162544
0.000647892
0.102622
0.0130471
0.120948
0.0862926
0.0469178
0.0499819
0.0190794
0.00872662
0.00465688
0.00985317
0.0558261
0.00267768
0.00750606
0.0399103
0.00060211
0.0156397
0.0299871
0.0465244
0.0770752
0.00716357
0.0047629
0.0241519
0.00991825
0.0128376
0.00237709
0.0634807
0.0540764
0.0241957
0.0899302
0.00665837
0.0100554
0.0245248
0.0894165
0.000204593
0.0657037
0.0472416
0.0163057
0.0288424
0.00810057
0.000608361
0.0153335
0.017457
0.0571976
0.023253
0.0178696
0.0981749
0.0305676
0.00189067
0.00942831
0.0751646
0.000118816
0.00363071
0.0303128
0.121495
0.000274256
0.0269367
0.0123636
0.0151724
0.00927867
0.0272878
0.0528414
0.000797772
0.00996784
0.0053702
0.0429944
0.0776124
0.0111612
0.00561207
0.0298301
0.164843
0.059274
0.00625594
0.0250677
0.0979012
0.000696192
0.0387815
0.022603
0.00480848
0.0608543
0.0211273
0.000254197
0.102539
0.0137664
0.00647489
0.0106473
0.0717206
0.00931829
0.00236202
0.0363399
0.0926087
0.0636741
0.104902
0.0218613
0.0391711
0.0105593
0.0380134
0.000364078
0.120659
0.091357
0.0497677
0.00893943
0.0141959
0.0292664
0.0388713
0.000231627
0.040615
0.000279635
0.026373
0.00354212
0.000943551
0.0455034
0.0210695
0.00105741
0.0103591
0.00199309
0.0851241
0.0148972
0.0346157
0.044995
0.0234247
0.0262861
0.0798633
0.0302831
0.0108941
0.00890048
0.0117218
0.0165041
0.0727721
0.0246232
0.0699707
0.0266817
0.037224
0.000163428
0.125045
0.0121441
0.0527424
0.0715218
0.00581456
0.0476263
0.00426124
0.00686946
0.0111523
0.00900786
0.00181569
0.00864142
0.0947046
0.0653616
0.0301523
0.0624787
0.126572
0.0600301
0.0370353
0.0202285
0.0107848
0.00931047
0.106315
0.0320319
0.0400064
0.0723721
0.0209378
0.0161049
0.000108793
0.0132584
0.0319791
0.0152656
0.0158647
0.0473916
0.0280119
0.0410727
0.0141019
0.024621
0.107567
0.0104846
0.0781379
0.0609004
0.00769911
0.00763532
0.0267739
0.0134097
0.033018
0.130138
0.000779063
0.0951871
0.0313586
0.00684908
0.00153212
0.0267699
0.00312108
0.0154088
0.0110939
0.00799302
0.0629018
0.0331914
0.0330432
0.000300433
0.00916372
0.00141284
0.0161536
0.0144707
0.0668145
0.0164696
0.0229828
0.00361365
0.0164212
0.0154128
0.0289994
0.00821292
0.0318137
0.0809509
0.0224183
0.0281108
7.30565e-05
0.0531788
0.00327294
0.00727598
0.0407982
0.0204072
0.050823
0.00115675
0.0468516
0.0180778
0.0546334
0.192535
0.0339409
0.067122
0.0493149
0.0345417
0.0400332
0.0832028
0.00183642
0.0208054
0.153976
0.083286
0.0745294
0.116242
0.00611864
0.000184176
0.0146172
0.0535333
0.0192738
0.0752744
0.00706038
0.0079596
0.0416847
0.0947685
0.0338922
0.0076812
0.000347973
0.0116969
0.0277316
0.0313433
0.0627545
0.0700293
0.107878
6.3786e-05
0.0140221
0.00564305
0.00248662
0.0024158
0.0562048
0.131073
0.00745983
0.00288304
0.0851122
0.0614854
0.0155261
0.0162229
0.147695
0.0264572
0.0191611
0.0162322
0.00730174
0.0964217
0.0646949
0.0258937
0.0672225
0.0518358
0.0311692
0.0332891
0.0110293
0.0524186
0.00263137
0.0338093
0.00527248
0.036297
0.0712795
0.0423853
0.00605016
0.0460937
0.0164826
0.000194507
0.000129436
0.0195655
0.0519171
0.0159365
0.121514
0.0528396
0.112332
0.00734642
0.0704537
0.0815782
0.0273966
0.0365013
0.0778557
0.0198074
0.003048
0.0825641
0.0571866
0.0257184
0.000430217
0.000447215
0.000281432
0.0146155
0.00786914
0.00367661
0.00270659
0.0053839
0.0170291
0.0867483
0.00611095
0.0148547
0.0467091
0.0104343
0.00268578
0.0230648
0.0346999
0.00443679
0.0200229
0.0901963
0.000392092
0.0118078
0.0122815
0.0550633
0.0344631
0.00817567
0.0844683
0.0209078
0.00255332
0.0814878
6.85037e-05
0.0582227
0.0194582
0.0582598
0.0344734
0.0094837
0.00553739
0.0379982
0.0356176
0.0115706
0.0283111
0.0937339
0.0477662
0.0983178
0.0330816
0.023991
0.0119803
0.0222691
0.0454269
0.0744088
0.00131195
0.0215593
0.0022673
0.00957724
0.0123063
0.0295707
0.00494862
0.0302461
0.0491079
0.0179458
0.0258282
0.0460121
0.0156686
0.104008
0.019193
0.0166068
0.0491354
0.0174822
0.00920897
0.0307971
0.0112617
0.0607943
0.0107851
0.0377968
0.0187124
0.00210624
0.0217073
0.0159197
0.0193755
0.0574316
0.0262025
0.0370636
0.0160322
0.011896
0.0101687
0.0236531
0.0151943
0.0301936
0.00448527
0.000145102
0.00159753
7.92254e-05
0.0750679
0.0101973
0.0333709
0.0386144
0.128
0.00466088
0.0331895
0.0109962
0.0085369
0.0666139
0.0138563
0.0595554
0.0145585
0.0285327
3.02458e-05
0.0550753
0.0207958
0.0204681
0.0278039
0.00077338
0.000477411
0.00661146
0.011259
0.0072166
0.00517263
0.0166708
0.0962834
0.0757021
0.0292311
0.0146223
0.0065177
0.000110809
0.168084
0.0288559
0.0411129
0.0265316
0.0116065
0.0163958
0.0577504
0.0240029
0.00295153
0.0993632
0.048615
0.0257879
0.00634011
0.073863
5.93529e-05
0.0103798
0.0912686
0.0422974
0.0434393
0.01022
0.000157665
0.0219579
0.000546564
0.0518245
0.00391779
0.0199977
0.0219015
0.0116544
0.0791955
0.1195
0.00032837
0.0119491
0.00205089
0.0182805
0.0409623
0.0385416
0.0526241
0.0125625
0.0422407
0.00261722
0.0267657
0.0171147
0.017552
0.0379467
0.0920206
0.00085466
0.113208
0.0074288
0.010903
0.0223344
0.0199017
0.00396811
0.0175913
0.00305815
0.0263112
0.000105744
0.0681174
0.0177714
0.0319881
0.000371065
0.00267517
0.0470436
0.0605417
0.0502859
0.0165759
0.0649774
0.00463191
0.0189192
0.00851571
0.0318958
0.00760921
0.0132972
5.42712e-05
0.0887909
0.0191675
0.0242065
0.0726599
0.00431505
0.058666
0.0405613
0.0218564
0.0751207
0.012399
0.00307759
0.0566968
9.84647e-05
0.0518924
0.0084966
0.00636243
0.0249679
0.0122106
0.013403
0.0191085
0.0317993
0.0325863
0.0609456
0.0168167
0.0185522
0.0267532
0.0352056
0.0207096
0.0200399
0.00241717
0.00365929
0.0197671
0.0543585
0.0187876
0.0781679
0.0424255
0.00249494
0.082169
0.0619049
0.0531871
0.00394275
0.00672084
0.0219843
0.00893215
0.000480354
0.00200061
0.00795088
0.0158077
0.00065765
0.00609509
0.0416438
0.0260973
0.0227977
0.0306887
0.000168915
0.0243469
0.0690889
0.0607822
0.00235816
0.00454389
0.0767145
0.0321824
0.112814
0.00848171
0.00324739
0.0458583
0.0344285
0.00966077
0.00981747
0.00560869
0.00609432
0.0205041
0.0845926
0.0106956
0.0102054
0.0172793
0.0229752
0.0136711
0.00844249
0.00656929
0.0762195
0.0119057
0.0155168
0.038476
0.0147868
0.00502599
0.00146514
0.017516
0.00175221
0.0540051
0.0436409
0.00744127
0.000347329
0.0448051
0.151229
0.00807931
0.102204
0.00431403
0.058804
0.0423993
0.0512898
0.013379
9.9574e-05
0.0497082
0.000210698
0.0239216
0.0126368
0.081888
0.0424451
0.00972803
0.0179588
0.0973318
0.000197034
0.044891
0.0236681
0.00748689
0.000330954
0.0116549
0.0406934
0.00977887
0.0339134
0.0178318
0.044144
0.00737614
0.00980263
0.0157638
0.0104737
0.0129696
0.0099826
0.117128
0.0127663
0.0209554
0.0413038
0.0387225
0.00156295
0.00249865
0.0144179
0.146444
0.0676992
0.0387445
0.0622578
0.0598076
0.000742904
0.0190888
0.00213197
0.00494272
0.00966334
0.0109413
0.006481
0.0482005
0.0482694
0.0618299
0.017607
0.00227615
0.0058781
0.013167
0.0399564
0.0910086
0.0125393
0.0349582
0.0198495
0.00978173
0.0601083
0.00955188
0.0659167
0.0934068
0.0310901
0.00992449
0.00110381
0.0189602
0.000445388
0.0273055
0.0145255
0.0125494
0.00661689
0.0229371
0.0478218
0.0105507
0.00833401
0.0474997
0.011063
0.0395247
0.0112797
0.0418035
0.00052138
0.00808825
0.0136127
0.035104
0.00624772
0.0119426
0.0453399
0.000362604
0.0229124
0.0458925
0.00217685
0.000345194
0.0634779
0.0384944
0.00277327
0.226448
0.00361331
0.0753789
0.0413725
0.00750186
0.0340023
0.0360653
5.7038e-05
0.0212114
0.0314187
0.0265005
0.0332182
0.0205923
0.0747914
0.0072748
0.0519686
0.0488537
0.00724814
0.00254387
0.00958631
0.116358
0.00713006
0.075066
0.0126878
0.0653343
0.0576847
0.000170741
0.0318618
0.0860553
0.017884
0.000175352
0.000348203
0.00300743
0.14637
0.00377638
0.00141705
0.065239
0.14394
0.010541
0.108349
0.0130763
0.00401491
0.00915036
0.117735
0.0121828
0.0356737
0.00608446
0.0247285
0.059838
0.0114973
0.0144776
0.0203654
0.000466155
0.00622599
0.0575296
0.00130925
0.000339217
5.94774e-05
0.004372
0.008765
0.000184279
0.0555691
0.06688
0.0188225
0.0172271
0.0206282
0.00950643
0.0259148
0.000533638
0.0088087
0.0733963
0.0166183
0.00614193
0.0559236
0.00023625
0.0202641
0.0235606
0.0791605
0.0771293
0.0377571
0.0113299
0.000214803
0.00560291
0.000100001
0.0316883
0.016824
0.000524847
0.0471207
0.000140289
0.0335168
0.0225138
0.0430259
8.59624e-05
0.0563834
0.0148853
0.0111937
0.0524093
0.0420203
0.028139
0.00741981
0.159934
0.0857141
0.0307059
0.0200549
0.00542161
0.0255015
0.0295582
0.0124322
0.013445
0.110495
0.0124949
0.000170292
0.0804861
0.00018124
0.0836586
0.0494726
0.0076555
0.0133958
0.0116336
0.04273
0.0520479
0.0306015
0.0792859
0.0248016
0.0105982
0.0160956
0.0135489
0.000614512
0.0502188
0.00600553
0.0485881
0.00207138
0.0319701
0.0229709
0.0484528
0.0203439
0.0576395
0.0239119
0.000783968
0.0435713
0.0613523
0.00764187
0.00562635
0.000140556
0.0100473
0.0347338
0.0520722
0.00795885
0.0316649
0.007522
0.0641163
0.0103421
0.00739445
0.0410453
0.0215087
0.0240682
0.0425081
0.0053448
0.0378502
0.0141502
0.0100099
0.0881379
0.0448329
0.0846966
0.0715579
8.40788e-05
0.0584643
0.00954008
0.0152705
0.0775688
0.0346407
0.0282914
0.0358213
0.0589352
0.0197408
0.040736
0.00105624
0.043329
0.0374964
0.0564043
0.0076846
0.0103184
0.00373192
0.00598087
0.025429
0.0075282
0.00458482
0.0115226
0.0192555
0.0535269
0.0539216
0.0173669
0.152241
0.0825251
0.00722603
0.0214176
0.0815251
0.029216
0.0398919
0.0156096
0.0198835
0.0709397
0.023466
0.00204484
0.00519622
0.0166086
0.0589163
0.0113168
0.00230101
0.00107182
0.093607
0.00422231
0.0372388
0.0321594
0.00808669
6.16639e-05
0.0174333
0.0444525
0.0762711
0.0236459
0.023151
0.0555376
0.0215937
0.145663
0.0576277
0.00276612
0.0503971
0.0971892
0.0374065
0.00720624
0.0001998
0.00881416
0.00882731
0.00958349
0.0240074
0.00234955
0.000256961
0.00536743
0.0295222
0.0515871
0.00104249
0.0654252
0.0073857
0.128882
0.00202535
0.132856
0.0312182
0.0542695
0.0162264
0.0203568
0.0317135
0.0172546
0.00631893
0.0190813
0.00118262
0.00924322
0.0133817
0.0209739
0.0049053
0.00947231
0.0292357
0.0185855
0.0758192
0.0433972
0.0137132
0.0363626
0.00234399
0.0139119
0.0225916
0.0227354
0.0277616
0.0160984
0.00208075
0.0265181
0.0191862
0.084055
0.0143168
0.0298815
0.00381741
0.133636
0.000362333
0.00710784
0.00587886
0.0418863
0.0827048
0.0198882
0.000319479
0.000369868
0.000279364
0.00439858
0.0165297
0.00941685
0.00801631
0.0516529
0.0410138
0.0173254
0.172023
0.00543144
0.00512412
0.00942052
0.000767038
0.00669852
0.0414738
0.0275712
0.000126809
0.00224841
0.000392293
0.0201622
0.0362999
0.021484
0.0250932
0.0140361
0.0129267
0.00802132
0.0755652
0.0170952
0.040464
0.00666247
0.0040039
0.00393595
0.00425776
0.0117305
0.00727373
0.0441716
0.00529413
0.0814606
0.0270009
0.0558543
0.0221401
0.0439299
0.00227841
0.00035954
0.00396
0.0130626
0.00846329
0.00952898
0.0202704
0.0014832
0.0856865
3.1121e-05
0.0101565
0.0165075
0.00177875
0.113674
0.00808483
0.0125161
0.0228291
0.00626883
0.00372219
0.0217402
0.00394887
0.000700922
0.0153362
0.00680812
0.0158355
0.0265627
0.00578861
0.0195744
0.129943
0.0303079
0.0412807
0.0300264
0.0355897
0.0514022
0.0267608
0.121082
0.0299549
0.101625
0.0105019
0.019017
0.00689085
0.00419341
0.0539586
0.0047932
0.000149784
0.0162261
0.000187236
0.0264414
0.0495622
0.0618292
0.0213145
0.0344254
0.00407865
0.0135894
0.0517624
0.0148658
0.00870477
0.0001158
0.0159059
0.0192928
0.00207177
0.131842
0.00654533
0.0484852
0.0435671
0.0336552
0.0153072
0.0377322
0.0223794
0.0103149
4.48894e-06
0.0464447
0.0135334
0.000130231
0.00929777
0.0119951
0.00276263
0.124879
0.0172039
0.0304504
0.0284966
0.166678
0.0225189
0.00414264
0.00842206
0.0430487
0.0350421
0.0357783
0.00676721
0.0141879
0.0150086
0.000963614
0.0010107
0.00478222
0.0153497
0.000158131
0.0109424
0.000378998
0.000119766
0.00739304
0.00206201
0.027656
0.0514211
0.0114825
0.0185145
0.0911699
0.0164868
0.00308164
0.000269738
0.0105949
0.0273832
0.0129592
0.0110387
0.000999078
0.046643
0.000604615
0.0758644
0.0338628
0.00456182
0.111631
0.0215202
0.0117894
0.0130844
0.0238104
0.0542061
0.0949513
0.0138763
0.0195322
0.00264848
0.0127325
0.0435694
0.0819916
0.0115744
0.0813909
0.0246228
0.0101337
0.0239227
0.0119692
0.0195945
0.0166695
0.00786835
0.0240477
0.0436679
0.00010395
0.022244
0.00129313
0.0437685
0.0188277
0.0171535
0.0957968
0.0204639
0.00604162
0.0584559
0.0391248
0.0209701
0.00552463
0.026699
0.000921226
0.0152896
0.0279995
0.0153496
0.0171425
0.0278351
0.0239837
0.00947889
0.00269578
0.000214056
0.0148884
0.0326311
0.00119599
0.00464395
0.00885342
0.0325448
0.018722
0.0176278
0.0046074
0.00386346
0.157055
0.041888
0.079302
0.000737207
0.0757021
0.0106235
0.00801663
0.0288625
0.0239504
0.0142397
0.012995
0.0101792
5.59435e-05
0.0155906
0.0372953
0.0512762
0.00822898
0.00734947
0.00451496
0.0136524
0.0310455
0.00833123
0.0104127
0.0276374
0.034926
0.0933544
0.041723
0.0403623
0.0117593
0.000504443
0.00665128
0.00939455
0.00560242
0.0221224
0.0167362
0.0171647
0.0146925
0.0252283
0.0272674
0.0115516
0.0173617
0.00718223
0.017607
0.0872989
0.00449339
0.0480032
0.0250862
0.0212683
0.19441
0.0914673
0.070285
0.0243221
0.00989054
0.0371157
0.0153887
0.000171489
0.00375499
0.0104263
7.78459e-05
0.0207473
4.48014e-05
0.020152
0.0454598
0.0133749
0.00796958
0.163451
0.0415711
0.0364474
0.00584729
0.111059
0.0555895
0.0221272
0.00299192
0.0196867
0.00344286
0.0111672
0.00626918
0.0164311
0.0145274
6.19534e-05
0.00896532
0.00339086
0.0106432
0.00934828
0.0362419
0.0951348
0.0735065
0.00229681
0.00240527
0.0389881
0.00953153
0.0451075
0.0432712
0.0903431
0.0515946
0.0148354
0.0228889
0.0194512
0.00575572
0.075814
0.0160455
0.000883181
0.188975
0.0431266
0.00271478
0.00143086
0.00525396
0.0143955
0.00660276
0.0717321
0.0112495
0.0406468
0.00232971
0.0413192
0.0164815
0.00796811
0.0418706
0.00160393
0.00281374
0.051419
0.099213
0.0562906
0.051972
0.00603268
0.0529294
0.072898
0.00828136
0.0341462
0.0511983
0.0472408
0.0155461
0.0203829
0.0398091
0.0394916
0.0054441
0.0260188
0.00500443
0.0253559
0.0133936
0.0326308
0.00492486
0.0208461
0.0104175
0.0344212
8.26123e-05
0.00817285
0.0828064
0.0606533
0.00869607
0.047473
0.0228147
0.00406744
0.0126662
0.000449693
0.0218643
0.00432115
0.022065
0.00161658
0.0129275
0.0359859
0.0379983
0.00604029
0.0110433
0.0115501
9.29404e-05
0.0576223
0.00413166
0.0844765
0.0416026
0.033101
0.0108447
0.0113668
0.00023211
0.00414797
0.0211306
0.0156614
0.0376008
0.00814082
0.036947
0.00413221
0.0648815
0.0377633
0.0297674
0.0241635
0.00688755
0.00450935
0.0114965
0.0426259
0.0198092
0.0528777
0.0125373
0.0100979
0.0111276
0.0333665
0.00318135
0.0647621
0.0078066
0.161318
0.00880841
0.0351209
0.0178384
0.012135
0.0039119
0.00655316
0.0214293
0.0350847
0.00450121
0.017055
0.00886602
0.0485553
0.0168406
0.0517905
0.0232966
0.0725155
0.00123255
0.164196
0.0347924
0.0139989
0.00635233
0.0163219
0.0114891
0.0103154
0.0301575
0.0102595
0.0109404
0.00852281
0.0496443
0.015709
0.0221369
0.000976669
0.0387216
0.0581628
0.0191871
0.0233346
0.0340147
0.00632065
0.00316392
0.00304675
0.00742884
0.0253615
0.0032399
0.0313434
0.00140784
0.0649993
0.0258723
0.0107118
0.0121694
0.0458315
0.00427362
0.0474268
0.00143142
0.00812054
0.0236364
0.00842519
0.0218183
0.011764
0.0424109
0.000172014
0.000878756
0.000524478
0.00143092
0.0399464
0.0138956
0.076202
0.0936139
0.0316416
0.0282072
0.0040063
0.00573201
0.0229604
0.0302788
0.0180665
0.0015502
0.00530164
0.00041247
0.00441625
0.0245385
0.00567156
0.0105965
0.0597075
0.239662
0.0492874
0.0019943
0.0188626
0.0124318
0.0218176
0.00364886
0.0606204
0.0160149
0.0232715
0.0839613
0.122519
0.00909691
0.039882
0.00181231
0.000176018
0.0016191
0.0159192
0.0227803
0.00994469
0.022005
0.0725038
0.0132507
0.0637187
0.0385552
0.000949037
0.00500331
0.0240405
0.00273133
0.00691829
0.00836138
0.059818
0.0501305
0.0101385
0.076841
0.0165901
0.00281485
0.053896
0.0407232
0.0168535
0.0398875
0.0342894
0.00366106
0.0378355
0.00526267
0.000891147
0.115256
0.0143924
0.0130629
0.0696136
0.00642863
0.0209274
0.00255136
0.0209353
0.00644569
0.0288409
0.00305777
0.0166073
0.0230569
0.0125597
0.010358
0.00625364
0.061053
0.00815991
0.0798748
0.008478
0.0567138
0.0012127
0.000157768
0.0110085
0.00393668
0.000560239
0.0112399
0.0106986
0.0525554
0.00367849
0.000483304
0.000506449
0.0671558
0.0518898
0.0228518
0.0235113
0.0104812
0.0431213
0.0221723
0.00614709
0.106598
0.000145006
0.0121671
0.0486337
0.011227
0.0226742
0.010543
0.0219202
0.00874864
4.0509e-05
0.0100351
0.0407189
0.0278218
0.00333279
0.00367412
0.00139573
0.00882216
0.00596926
0.0180279
0.00652127
0.0589865
0.000212596
0.0516588
0.0134481
0.056447
0.0736238
0.0246316
0.00376045
0.00723873
0.0246429
0.12477
0.0251717
0.0033276
0.0208586
0.0553722
0.130373
0.0251997
0.126242
0.000193081
0.0266965
0.0443307
0.0152107
0.0392374
0.0225305
0.00930421
0.0099232
0.0465685
0.0135247
0.0250904
0.0658037
0.15692
0.0177148
0.0129098
0.0762833
0.0014842
4.08755e-05
0.0514217
0.0627165
0.0319405
0.0475544
0.0261176
0.00836683
0.0144231
0.0516825
0.0154244
0.00185677
0.0115093
0.0173402
0.0022756
0.0106046
0.00470745
0.000406839
0.0963476
0.0230497
0.0653118
0.00116849
0.0390504
0.0292042
0.0358576
0.0390603
0.0147855
0.0460091
0.000261857
0.00391565
0.0588937
0.00826018
0.00365736
0.0772231
0.040231
0.00674182
0.0626845
0.00903795
0.00867869
0.0284747
0.0578563
0.0190684
0.0940023
0.0194791
0.0199143
0.000113466
0.0199188
0.0543165
0.00650493
0.00611822
0.00678052
0.00677303
0.014052
0.0141827
0.00289868
0.0371069
0.0385512
0.00962081
0.0286102
0.0298648
0.000201827
0.00461335
0.0660406
0.00066669
0.00795044
0.0318159
0.0145685
0.00182601
0.0275447
0.0229396
0.0137534
0.0146968
0.0168828
0.00180677
0.131338
0.0251916
0.00968303
0.123275
0.0165376
0.0372639
0.00237153
0.0204434
0.0956969
0.00285979
0.0483763
0.0188511
0.0166566
0.00652126
0.000267939
0.0415041
0.000113985
0.0348257
0.0270719
0.00948022
0.0968637
0.064056
0.0028509
0.0614217
0.0131428
0.0386702
0.0303296
0.0047598
0.0237651
0.027824
0.0142828
0.0674975
0.0153554
0.000675105
0.0281957
0.0840414
0.0657326
0.0303542
0.0334531
0.0837418
0.0700483
0.0247353
0.000497586
0.114041
0.0118937
8.92957e-05
0.00940291
9.64334e-05
0.020473
0.0470817
0.0536254
0.00548852
0.0503321
0.0471553
0.0222129
0.00703709
0.00075351
0.0248896
0.021865
0.077586
0.00386881
0.0684162
0.0113217
0.0173249
0.0614999
0.00863126
0.0176116
0.124608
0.0167408
0.01195
0.0105547
0.100206
0.00185818
0.0189434
0.0505304
0.0247516
0.0453816
0.0104329
0.0508261
0.00483158
0.0557147
0.0186138
0.106009
0.00946576
0.0272316
0.0053049
0.0135633
0.0125203
0.00554286
0.0110188
0.007984
0.0244888
0.0101458
5.15715e-05
0.100382
0.000253038
0.0298089
0.00578594
0.0283506
0.0356995
0.000689835
0.000719323
0.00340151
0.128472
0.0191881
0.021989
8.6714e-05
0.0249372
0.000350997
0.00957479
0.000275212
0.107945
0.0637527
0.03652
0.00803901
0.0477355
0.0765197
0.0235263
0.00377843
0.0394008
0.00569611
0.0244742
0.107897
0.0105322
0.0155993
0.0885173
0.00742166
0.00074852
0.101837
0.0284761
0.0182287
0.00304616
0.0120265
0.0161556
0.00976549
0.0142366
0.023243
0.0220562
0.00292735
0.00280351
0.0287769
0.00794347
0.00157701
0.0123486
0.00054539
0.0451455
0.00730526
0.00546517
0.0279791
0.00334715
0.0741316
0.0224769
0.00573051
0.0256834
0.0190228
0.0254615
0.00586285
0.0162927
0.000496381
0.00353854
0.0135033
4.20694e-05
0.00282477
0.0234224
0.00101791
0.0283903
0.000424779
0.00410396
0.0714608
0.0533981
0.0172961
0.056643
0.00376814
0.000472492
0.00704112
0.00583397
0.0227493
0.00675244
0.0160719
0.0688765
8.67662e-05
0.030897
0.0292289
0.0593663
0.00356308
0.117889
0.0104365
0.042472
0.0308492
0.00895841
0.0629735
0.0611581
0.0116718
0.011231
0.00546774
0.0392234
0.0169985
0.00942829
0.0358304
0.00943334
0.0757031
0.0221863
0.0306065
0.0521622
0.0114223
0.0264146
4.22982e-05
0.0103343
0.016498
0.0715019
0.015487
0.026016
0.0296247
5.04174e-05
0.03327
0.0356564
0.00277571
0.0297925
0.0066713
0.000710971
0.0359219
0.0101163
0.019444
0.00126733
0.0236579
0.00433233
0.0376908
0.0220521
0.000520006
0.00987543
0.0170882
0.00939279
0.0417624
0.0300177
0.00656841
0.0685067
0.0422625
0.000854674
0.00531857
0.0218965
0.0245352
0.0252198
0.00382647
0.0245982
0.0619122
9.47027e-05
0.00252775
0.0511532
0.00372787
0.00521279
0.0367906
0.0227694
0.0114279
0.00797982
0.00672824
0.0655586
0.0187298
0.0310381
0.130616
0.0753767
0.0179133
0.047204
0.041368
0.000670797
0.0117732
0.000764584
0.0262917
0.00019819
0.0336238
0.0248258
0.0290879
0.0177891
0.0083619
0.141497
0.000251843
0.0829497
0.000313481
0.000545821
0.000397289
0.062042
0.130834
0.0444253
0.000707646
0.0316885
0.0266058
0.0441378
2.21904e-05
0.0246312
0.0211585
0.0126671
0.0267497
0.00971784
0.00869277
0.000211653
0.0785779
0.0158252
0.00461951
0.0178101
0.00221926
0.0497877
0.010896
0.144006
0.00363281
0.0260533
0.020468
5.63786e-05
0.0223321
0.00477248
0.00894606
0.0045681
0.000966224
0.00698877
0.000107475
0.0102164
0.000176543
0.036393
9.01232e-05
0.00628682
0.0124385
0.0453102
0.00271468
0.014456
0.0277995
0.00171759
0.0037431
0.000635535
0.113907
0.0128407
0.0437503
0.0440944
0.0597896
0.0251318
0.0266057
0.0480991
0.0131521
0.00512759
0.00407332
0.0163039
0.0127691
0.0560111
0.0512539
0.06796
9.44555e-05
0.0062914
0.017176
0.0205542
0.0261815
0.166837
0.00601212
0.00755946
0.0470387
0.00224292
0.0137774
0.00870915
0.0183535
0.00552717
0.0370385
0.0480515
0.0214598
0.0952462
0.00859767
0.0763557
0.0071312
0.058867
0.0745378
0.0424104
0.0629859
0.00386989
0.0643297
0.0932788
0.0136749
0.0167517
0.0236688
0.03199
0.0420998
0.0182087
0.0307299
0.00658772
0.00318406
0.0387723
0.0501424
0.014829
0.0657317
0.046413
0.0632669
0.0052615
0.0118183
0.000114663
0.043762
0.0187888
0.0563633
0.000303954
0.0352874
0.0644892
0.0744627
0.00383005
0.0261341
0.0137509
0.000837701
0.0188799
0.000953775
0.0441367
0.0148548
2.49484e-05
0.060468
0.0097914
0.0217075
0.00523366
0.0469496
0.0215253
0.0464494
0.0450637
0.00939448
0.0367558
0.000365719
0.00230331
0.0208902
0.0814328
0.0183693
0.0519675
0.00291949
0.00477731
0.0546174
0.0266173
0.0269476
0.0509293
0.0914832
0.0281049
0.0532004
0.0666963
0.0355152
0.0354228
0.0508486
0.043234
0.00241023
0.00945029
0.00537487
0.0123264
0.0311178
0.035396
0.0489982
0.00736678
0.0155041
0.0150708
0.0293632
0.00461125
0.0739564
0.00407251
0.00565547
0.0187362
0.0236812
0.014627
0.010414
0.00032606
0.000181179
0.0229684
0.00563363
5.36195e-05
0.087588
0.000388557
0.010253
0.00160145
0.0261862
0.0372547
0.0114086
0.043622
0.0447726
0.00739797
0.0221229
0.0694511
0.0033286
0.000226268
0.0180748
0.0307287
0.00930754
0.101271
0.0131363
0.0599061
0.0407069
0.00313558
0.0210435
0.0200878
0.0319262
0.0118179
0.00747484
0.0465746
0.0260303
0.0133093
0.00915503
0.0191503
0.010911
0.0162895
0.0242609
0.0152495
0.0482217
0.0185069
1.21251e-05
0.00834245
0.0243447
0.0176675
0.000471354
0.00680994
7.52955e-06
0.00375925
0.00020451
0.0333752
0.00277317
0.0101428
0.0340755
0.0879082
0.0232497
0.0300457
0.00356773
0.0450248
2.49605e-05
0.00380849
0.0208097
0.00206887
0.0375254
0.0896693
0.00851283
0.0256435
0.0139946
0.000148972
0.000274012
0.0166582
0.00809091
0.0120555
0.0236169
0.0206335
0.014518
0.0225715
0.00704318
1.15395e-05
0.02046
0.0464114
0.0167348
0.00197684
0.0192759
0.00903072
0.000126888
0.0353866
0.00630912
0.00961138
0.000157044
0.0281855
0.00637106
0.0592933
0.00398843
0.000524437
0.0137035
0.00763522
0.071364
0.0396698
0.00531822
0.00113028
0.0257052
0.00554974
0.0186081
0.00782353
0.0114169
0.0259874
9.93792e-05
0.0246449
0.00188286
0.0054034
0.00172273
0.0144358
0.00988705
0.00460366
0.00997377
0.030056
0.0203749
0.00626931
0.0724679
0.0134866
0.0133625
0.00525198
0.0262703
0.000116001
0.0124492
0.00995263
0.0344503
0.0132407
0.0435242
0.0310174
0.0263243
4.40043e-05
0.0467591
0.0407317
0.0208928
0.067421
2.10193e-05
0.026255
0.0288917
0.00435941
0.00170512
0.000535967
0.00961712
0.0121668
0.100757
0.0154268
0.0155371
0.0164153
0.0140266
9.31083e-05
0.0255487
0.00814377
0.0122297
0.0356709
0.0187059
0.0176107
0.00296295
0.00868457
0.00311236
0.0163227
0.0526041
0.000547891
0.00740257
0.00554093
0.00997472
0.0271039
0.0153662
0.0365421
0.0957802
0.000139151
0.0324637
0.0293296
0.019283
0.017236
0.0249776
2.85569e-05
0.010888
0.00619087
0.00683936
0.00401753
0.00683543
0.0448638
0.00993529
0.0109119
0.00352644
0.00193282
0.044913
0.0504431
0.00469376
0.00656676
0.0440011
0.0125549
0.0033551
0.0577014
0.0333753
0.0183944
0.00133182
0.13579
0.0145935
0.00314595
0.0421154
0.00257476
0.000917491
0.009901
0.0411767
0.0228689
0.0697131
0.00142996
0.00284185
0.0232919
0.00839438
0.0208149
0.0283546
0.108095
0.010131
0.0263646
0.0515947
0.014196
0.00028166
3.82722e-05
0.0256964
0.0575343
0.036629
0.0102014
9.66248e-05
0.0121012
0.0384531
0.000392281
0.0140951
0.0187806
0.00268166
0.0490347
0.00818516
0.00813459
0.00963949
0.0136687
0.0136574
0.0437195
0.0289318
0.00260024
0.0263249
0.0289016
0.00616121
0.0272588
0.0272023
0.0128474
0.0248597
0.0958295
0.0266295
0.0149412
0.000148005
6.70735e-05
0.0145912
0.0461989
0.0140364
0.00954086
0.0709132
0.0508084
0.0218664
0.00718931
0.0115107
0.000140016
0.0320193
0.0125192
0.0221044
0.0552112
0.00774426
0.0203804
0.0233121
0.01093
0.0141844
0.0211099
0.00725875
0.0149032
0.0462683
0.0174165
0.0321781
0.00690009
0.0232909
0.02047
0.0648302
0.000744139
0.0394504
0.0110565
0.00205728
0.0261632
0.0618035
0.0122447
0.146886
0.000132692
0.0387893
0.00397515
0.00250645
0.00425567
0.00615806
0.00916441
0.017092
0.0026645
0.0237685
0.0219774
2.01833e-05
0.0381202
0.0265579
0.00618761
0.00245921
0.000624934
0.00538398
0.0241021
0.00990249
0.0250433
0.0186667
0.0124257
0.026947
0.00104139
0.0506448
0.00341234
0.0267306
0.00841757
0.0178418
0.0639009
0.00577641
0.0201355
0.0452848
4.16696e-05
0.00178825
0.0121808
0.00316907
0.0239832
1.49953e-05
0.0192527
0.0048509
0.000172636
0.000783725
0.0124134
5.13661e-05
0.012596
0.00555405
0.00816157
0.0870177
0.0068146
0.00110545
0.024652
0.00655546
0.00763667
0.0520823
0.00418797
0.04009
0.00356068
0.0324939
0.00504107
0.00249621
0.0643094
0.00989925
0.00506441
0.00784591
0.0288438
0.117454
0.0824612
0.039327
0.00153753
0.00313834
0.010045
0.0347928
0.00409091
0.00948327
0.0309234
0.00235833
0.0352935
0.016244
0.10811
0.0169399
0.00162408
0.0033011
0.0134242
0.00344043
0.00777475
0.00526323
0.051662
0.0404136
0.0166834
0.00693881
0.0825668
0.00431733
0.00652687
0.0257998
0.0127543
0.00481028
0.00165185
0.00785718
0.0209003
0.0412645
0.0235116
0.0275665
0.0562483
0.00949947
0.00889471
0.00364608
0.000135396
0.00535558
0.00333521
0.0166201
0.0131879
0.0301523
0.0102654
0.040185
0.0145682
0.0129786
0.0330787
0.0300828
0.0343087
0.0481808
0.000855936
0.0075262
0.00912846
0.0107597
0.0136155
0.0403238
0.0378094
0.00249104
0.0632302
0.00615498
0.00719346
0.0100584
0.00197979
2.23683e-05
0.042495
0.0157452
0.0302466
0.00251638
0.00733425
0.00334873
0.0169024
0.010018
0.0116057
0.0172349
0.0238029
0.0282943
0.0105439
0.00309217
0.0256205
0.0105662
0.0436921
0.00380647
0.00182078
0.0125346
0.00816079
0.00880892
0.00284515
9.26542e-05
0.0190184
0.019518
0.0133906
0.014652
0.00404973
0.0336784
0.0130215
0.00581841
0.0600769
0.000106918
0.00119109
0.000117089
0.0590667
0.00337623
0.00342089
0.00190155
1.24925e-05
0.018
0.00483733
0.0066921
0.0362549
0.0119861
0.000917972
0.0291401
0.00743614
0.000224722
0.0477068
0.0072397
0.0325951
0.0191115
0.0178121
0.00370663
0.0453884
0.013081
0.0301068
0.0122527
0.0172604
0.00508944
0.0644111
0.0049239
0.00546862
0.0400787
0.0203048
0.00143484
0.0571126
0.0064288
0.00434303
0.00662232
4.61642e-06
0.01856
0.0609267
0.0101756
0.00271167
0.00674345
0.00691085
0.0676306
0.00425378
0.0934451
0.00897686
0.000162062
0.00521555
0.036432
0.0265932
0.0202883
0.00213094
0.0128757
0.00617546
0.0059063
0.0133135
0.01424
6.65365e-06
0.00803625
0.0117682
0.0254582
0.0121819
0.00636408
0.0123864
0.0182655
0.0078613
0.0750993
0.0651239
0.0268304
0.0282033
0.000557664
0.00298808
1.14314e-05
0.00707173
0.0140126
0.0171015
0.00213156
0.0107795
0.0142285
0.0304674
0.0321488
0.105696
0.0457241
0.00326808
0.0182153
0.00241962
0.00848091
0.0211431
0.00673905
0.148227
0.014909
0.00526475
0.0177002
0.0159797
0.00489797
0.0537566
0.00389185
0.000153939
0.0125274
0.0258621
0.0188011
0.0211898
0.0402252
0.0053287
0.0125212
0.0105015
0.0178081
0.0121797
7.43529e-05
0.0052162
0.029225
0.00818869
0.00125806
0.000102854
0.0512476
0.0692147
0.00730596
0.0191661
0.0143137
0.0218717
0.0124784
0.0766415
0.0361555
0.0120643
4.29179e-05
0.00361338
0.00229979
0.021627
0.0156821
0.0440528
0.0206403
0.00976387
0.00772733
0.00373085
0.0331019
0.112344
0.00855554
0.0144797
0.00394444
0.0164145
0.0215916
0.0115698
0.0336652
0.0241253
0.00729966
0.0580915
0.0289094
0.0248968
0.00734086
0.0141714
0.00610762
0.0166253
0.00799838
0.00601174
0.00305169
0.0219218
0.00843768
0.0115212
0.000390177
0.000118524
0.00781345
0.0602486
0.0370088
0.0226761
0.00063577
0.0230214
0.00217161
0.0143744
0.00551449
0.00115609
0.00147465
0.00013563
0.0266974
0.00998817
0.053066
0.00401078
0.00510418
0.00896351
0.00291557
0.00686724
0.0222553
0.0250889
0.00193033
0.01496
0.00179698
0.00335838
0.0170637
0.0202473
0.000630958
0.0508608
0.00508899
0.0378075
0.0129777
0.000827122
8.45461e-05
0.0238757
0.00280493
0.0237067
0.0210021
0.022629
0.0102443
0.00291296
0.0146623
0.0480392
0.0405463
0.0627574
1.53712e-05
0.0196305
0.0108885
0.0123353
0.00775432
0.0215161
0.000713749
6.18629e-05
4.86853e-05
0.0107245
0.0184835
0.0244805
0.0055379
0.00679496
0.038748
0.0163554
0.0264103
0.022367
0.0286426
0.0181541
0.0326269
0.043603
0.0159279
0.0330172
0.00530232
0.0423824
2.33211e-06
0.0386295
0.0017362
0.00279687
0.0106261
0.0063154
0.00576754
7.32625e-05
0.00682789
5.58134e-05
0.0113275
0.0313929
0.0526851
0.0938121
0.00312665
0.0306131
0.0536413
0.0111283
0.0762471
0.00255933
0.165746
0.0299459
0.017375
0.00486054
0.102311
0.000544829
0.00508844
0.0617826
0.065871
0.0475981
6.6784e-05
0.0553124
2.06702e-05
0.0394854
0.0585271
0.00106736
0.0314187
0.00352808
0.020894
0.0257472
0.00515509
0.0296039
0.053308
0.0251854
0.0191806
0.0361741
0.0158278
0.0088341
0.00782424
0.00282447
0.00978219
0.0213188
0.0386011
0.00654202
0.0461132
0.00376457
0.053646
0.0239231
0.0135886
0.0270494
0.0285913
0.00646839
0.0119362
0.0454714
0.00670383
0.00721597
0.0364924
0.00574115
0.00676311
0.0193034
0.00459161
0.00262496
0.00185721
0.0396014
0.00473604
0.00609691
0.0929235
0.0735733
2.82038e-05
0.00730303
0.0273143
0.0163168
0.0139871
0.0167953
0.00841039
0.0108759
0.000689879
0.00307989
0.0303136
0.0065233
0.0186337
0.0377571
0.022254
0.00180054
0.00601213
0.00903428
0.0146755
0.0170284
0.0253491
0.0136468
0.00241758
0.00962633
0.0252447
0.0129977
3.52426e-05
0.00256111
0.0125422
0.0327937
0.00613136
0.0155358
0.00650072
0.0942364
0.00797697
0.0173193
0.00499532
0.0794358
0.00142402
0.0244662
0.000425763
6.83027e-05
0.00389452
0.00623691
0.00371436
0.00917056
0.01316
0.0318799
0.00433602
0.0104111
6.32812e-05
0.0527465
0.0185971
0.0295267
0.0168754
0.015566
0.0503679
0.00273445
0.0282156
0.0288876
0.0188076
0.00867635
0.00284289
0.0017691
4.98277e-05
0.000908813
0.00336186
0.00522737
0.0328072
0.00466739
0.0203913
0.0242982
0.0520066
0.03645
0.000171243
0.039971
0.0161667
0.00691506
0.0397959
0.00443697
0.0153724
0.00935408
0.121305
0.00655914
0.00984226
0.00130032
0.000373263
0.00512082
0.00441501
0.00394463
0.010285
0.000223501
0.00122145
0.100543
0.00739666
0.00692389
0.00418576
0.00286557
0.00413443
0.00626938
0.00363567
0.0233527
0.00157632
0.00760653
0.0283812
0.0206284
0.0102122
0.0625879
0.0120696
0.0321339
0.0136212
0.00604274
0.00534266
0.0076568
0.00559948
0.0281779
0.0425577
0.000225002
0.0335232
0.00378896
0.00587525
0.0117054
0.0107336
0.0174647
0.14154
0.00185333
0.0389966
0.00587793
0.00425899
0.093925
0.00335123
0.0156668
4.70117e-05
0.0442675
0.0735304
0.000411981
0.00452842
0.0424727
0.0194963
0.0261285
0.00452066
0.0196207
0.0380326
0.0200088
0.119127
0.00323149
0.0223347
0.000262672
7.76889e-05
0.0311534
4.87388e-05
1.8189e-05
0.000543647
0.0180387
0.00510154
0.034793
0.00738784
0.0128416
0.00950036
0.02373
0.0188515
0.0701972
0.149937
0.000336827
0.00758368
0.0441135
0.00640458
0.036796
0.0166536
0.00307689
0.014679
0.031136
0.000128841
0.016579
0.0629877
0.0416697
0.0334176
0.0994982
0.0307525
0.0891025
0.0410741
0.0561659
0.00682008
0.0105407
0.00693597
0.0101149
0.0049673
0.0268788
0.0978396
8.49391e-05
0.00706442
0.00779704
0.148729
0.00271273
0.0447494
0.00491915
0.0148569
0.0301764
0.0188905
0.0699359
0.000114787
0.00828346
0.0302319
0.0732744
0.0659581
0.0246355
0.000330591
0.0417917
0.0628015
0.00300671
0.00423072
0.00330956
0.0326038
0.0895781
0.00984322
0.0187802
0.00246587
0.0423963
0.00345442
0.0109431
7.16383e-05
0.0250925
0.0146489
0.0125809
0.00367532
0.000125111
0.033606
0.0312965
0.00199886
0.0115781
0.00988629
0.00653726
0.0451427
0.0123354
0.033992
0.0107271
0.00799874
0.00738667
0.0283709
0.00137781
0.0768675
0.00448908
0.020249
0.0411191
0.0169084
0.0054044
8.63177e-06
0.0295639
0.0125547
0.0308959
0.014813
0.000517105
0.00677516
0.0143682
0.00123098
0.0747235
5.45476e-05
0.0213105
0.0245261
0.000105202
0.0262822
0.0467982
0.00405813
0.0174295
0.0315543
0.0579278
0.0192966
0.0277496
0.00642144
0.00347601
0.00838993
0.0144202
0.00467146
0.0495542
0.0118972
0.0355952
0.0057659
0.015719
0.000297173
0.012183
0.00571534
0.0241611
0.0191244
0.0266147
0.0198018
0.0147722
0.00598854
0.0991814
0.00400158
0.0267837
0.0336898
0.0432403
0.0508631
0.00297269
0.0676552
0.0105557
0.0185387
0.00312781
0.00273917
0.022041
3.14504e-05
0.0066397
0.00192309
0.0126633
0.0117313
0.0173368
0.105022
0.0312718
0.00313796
0.0574155
0.00974426
0.00750125
0.0066546
0.0155979
7.72886e-05
0.0160185
0.0751826
0.000108967
0.0158805
0.010857
0.0157393
0.102476
0.0886952
0.0116727
0.0814429
0.00248466
0.0386291
0.00327836
0.00224366
0.0146012
0.088689
0.00818504
0.0160496
0.00440536
0.0209178
0.0151673
0.00188303
0.00708154
0.00647922
0.0231758
0.0122465
0.00867183
0.000104721
0.0410033
0.0275556
0.00426534
0.00864645
0.0364014
0.0772607
0.0275168
0.0224365
0.00668939
0.00383011
0.0138904
0.00457885
0.10586
0.0334252
0.00690541
0.00900716
0.0123054
0.00920951
0.0521418
0.0416518
0.000500907
0.0225968
0.000100056
0.0553584
0.0248893
0.00741474
0.00774953
0.000759364
0.00702658
0.0467248
0.0533704
0.00124859
0.0114355
0.000144273
0.0139883
0.0060282
0.0732637
0.0149014
0.0247876
0.0110197
0.0423115
0.0198032
0.010329
0.00113487
0.0217251
0.00324271
0.0309933
0.0157163
0.0169885
0.0161669
0.00823774
0.0103576
0.00936759
0.044872
0.00112135
0.0132938
0.00129986
0.0135439
0.0401343
0.00415581
4.76104e-05
0.0107034
0.0145299
0.00361382
0.0133259
0.0467367
0.0235045
0.0412398
0.00582136
0.00495281
0.00879939
1.62545e-05
0.00436686
0.00474079
0.00283051
0.0161873
0.0396857
0.061733
0.0127968
0.0175536
0.00395632
0.00489256
0.000652512
0.010279
0.0133028
0.0122957
0.00832955
0.0192847
0.012294
0.038832
0.0393011
0.00825892
0.0866546
0.0292729
0.00868127
0.0107832
0.0273944
0.00220206
0.0562283
0.0160033
0.00302573
0.0158224
0.00162494
0.0226414
0.00210945
0.035304
0.00276326
0.0505596
0.0181964
0.0329802
0.0226295
2.32663e-05
0.0123559
0.017721
0.00186759
0.00404327
0.00168919
0.0154536
0.026203
0.00602761
0.0770702
0.0719087
0.00182792
0.0117544
0.0161507
0.00753001
0.00900586
0.0431861
0.0290598
0.0258247
0.000262051
0.0123043
0.00412527
0.041854
0.0229928
0.0795599
0.0530578
0.0715068
0.0528607
0.00298245
0.0193799
0.00135878
0.00524255
0.0307098
0.0472782
0.0251913
0.0119837
0.00261505
0.0125397
0.00480006
0.0545914
0.00121691
0.00843438
0.022636
0.0528152
0.0116743
0.0172321
0.0104166
2.93627e-05
0.101081
0.0157221
0.0172182
0.0611394
0.0217097
0.0335378
0.000200677
0.000536705
0.0159445
0.0107447
0.0215167
0.00130036
0.0028339
0.017971
0.0442588
0.0391945
0.00441723
0.00593365
0.00198786
0.00561345
0.00436384
0.00967879
0.0239537
0.00426215
0.0406133
0.0106367
0.015098
0.0106128
0.0263438
0.0531119
0.0157854
0.0252182
0.00372542
0.0293721
0.0340619
4.87525e-05
0.00208504
0.00302861
0.0515686
0.00162045
0.000213773
0.0128121
0.015009
0.00740856
0.0446387
0.00568402
0.00542467
0.00917939
0.0173521
0.0667
0.00448353
0.0109084
0.0264255
0.0345305
0.00320017
0.0177939
0.0964015
0.00383599
0.00761309
0.0159062
0.000276484
0.0520954
0.0571402
0.00025694
0.00103954
0.00146412
0.0318996
0.0450033
0.00358714
0.0786249
0.00927643
0.0365653
0.0721021
0.0128902
0.000100645
0.0035724
0.00182747
0.0209916
8.45954e-05
0.00478547
0.0211795
0.0337605
0.028338
0.033795
0.000473138
0.00128778
0.0505223
0.00309308
0.00795374
0.000307548
0.018829
0.00448667
0.0461938
0.0452101
0.0726839
0.000967872
0.0673844
0.121029
0.00592234
0.015144
0.0075276
0.00121417
0.0290819
0.0609502
0.0425541
0.000326514
0.00274556
0.0207459
0.017651
0.00606998
0.00181381
0.0129047
0.0262328
0.000113683
0.0116656
0.0489375
0.000393755
0.00886871
0.0336335
0.0263619
0.068315
0.029678
0.0296484
0.033645
0.00289549
0.013282
3.14612e-05
0.00549123
0.0114144
0.0116272
0.0057028
0.0254018
0.00646014
0.0956201
0.0911951
0.00871248
0.00481424
6.8881e-05
0.016355
0.0106915
0.0425298
0.00991865
0.0190065
0.0081001
0.00589819
0.0126535
0.00892889
0.00285477
0.0121964
0.0421281
0.0341117
0.000854126
0.0343369
0.0452098
0.00269996
0.0107486
0.0958531
0.00897811
0.0124485
0.0257306
0.0200849
0.0335004
0.0106842
0.00471448
0.00271123
0.0218249
0.0158765
0.0110327
0.00638977
0.00198352
0.0214627
0.0246445
0.0154661
0.00310405
9.48688e-05
0.00875722
0.00288478
0.00857938
0.0347432
0.0241474
0.00887467
0.0143517
0.0140168
0.0127092
0.000638392
0.00751833
0.0407674
0.0247114
0.0399089
0.00507415
0.0149774
0.0112644
0.0857883
0.0484336
0.142618
0.0080097
0.0101707
0.00654552
0.000132513
0.0556835
0.0525139
0.01618
0.00185535
0.0215174
0.00939843
0.0490753
0.0408657
0.0262588
0.0129897
0.00340857
0.00597788
0.0139277
0.0218882
0.00283306
0.0171662
0.00937235
0.00216541
0.0416018
0.0126323
0.00918798
0.00229095
0.00625258
0.0377778
0.000708843
0.0223075
0.0176738
0.0243839
0.0362278
0.00226248
0.0165271
2.65457e-05
0.0188684
0.00265797
5.77073e-05
0.0561172
0.00908839
0.0392585
0.00200355
0.0201938
0.029806
0.0127465
0.0338564
0.0149885
0.0369878
0.0137981
0.0068546
0.0757852
0.00876775
0.00497622
0.0023682
0.00382608
0.00545224
0.0306879
0.0674771
0.0295837
0.014047
0.00810781
0.00252465
0.0105786
0.0667677
0.00394353
0.0203902
0.0230229
0.119626
0.00520265
0.0142042
0.0119676
0.010151
0.00383305
0.00740027
0.0264947
0.0077449
0.0200694
0.00315504
0.000264923
0.0141749
0.106076
0.035817
0.0181435
0.00781273
0.0187733
0.0129642
0.0174467
0.0220486
0.00540152
0.00995337
8.08102e-05
0.020145
0.0334012
0.00722713
0.00417693
3.32823e-05
0.00422673
0.00968855
7.06855e-05
0.000106961
0.0247009
0.00722547
0.00011645
0.0129591
0.0433031
0.0375404
0.0421652
0.0283481
0.00679613
7.66549e-05
0.0349331
0.0133212
0.0381018
0.00797066
0.000905176
0.0053715
0.0132206
0.0560841
0.00266176
0.00363098
1.24537e-05
0.00432535
0.107891
0.00760868
0.00344317
0.00175114
0.0125373
0.0073438
0.0553675
0.00266518
0.00844088
0.0112716
5.34818e-05
0.021521
0.0270436
0.038252
0.0490478
0.00665161
0.0463163
0.0398813
0.0126992
0.0177502
0.017289
0.00892776
0.00917743
0.000448556
0.00141038
0.00782217
0.001254
0.0118044
8.88674e-05
0.000130517
0.0537697
0.0209358
0.0113429
0.00744641
0.00248593
0.000215086
0.0173746
7.191e-05
0.00558653
0.0206195
0.0500742
0.0100706
0.0164702
0.021863
0.00542771
0.026138
0.0204519
2.62382e-05
0.00689395
0.00821339
0.00320364
0.0440749
0.00112349
0.0467458
0.0086914
0.00724429
0.0265586
0.0363781
0.0138603
9.48852e-05
0.00429334
0.0748179
0.0238074
0.0121259
0.0216964
0.0363041
0.00931395
0.0195891
0.013088
0.00254365
0.00384591
0.0142932
0.0403344
0.0172408
0.0125735
0.00422159
0.00512231
0.0233434
0.000200042
0.01131
0.0143005
0.00503301
0.00903585
0.041458
0.00440052
0.00585921
0.00580424
0.0088628
0.00113269
0.0131766
0.0100293
0.0213952
0.00989887
0.0374204
0.004226
0.00411034
0.032676
0.0058444
0.00653515
0.00472746
0.0572829
0.00111502
0.00378326
0.00134369
0.00803582
0.0779458
0.0266854
7.59997e-05
0.020945
0.00866
0.015391
0.0147
0.0621836
0.0463654
0.00059895
0.0180216
0.0088142
0.0358757
0.0077127
0.00552319
0.0211721
0.00699053
0.00656837
0.0189837
0.0105625
0.00539932
0.00701301
0.0198793
0.012516
0.0654385
6.67702e-05
5.57826e-06
0.0152752
0.0166032
4.97088e-05
8.45578e-05
0.00639823
0.0025166
0.0138397
0.00143621
0.02961
0.0115346
0.0647651
0.00807417
0.0125383
0.00466622
0.00302259
0.00786461
0.00261376
0.0409753
0.00230557
0.00993722
0.000325337
0.0483563
0.0110798
0.0068014
0.00418649
0.00145884
0.0485598
0.0087937
0.0093068
0.0101412
0.0135703
0.00646874
0.00375744
0.032041
0.0941229
0.0467636
0.00771995
0.0703751
0.000212591
0.000782649
0.00553124
0.0280563
0.00529077
0.00280671
0.0109092
0.00506107
0.039465
0.0226167
0.0113625
0.0110984
0.0118754
0.00667647
0.0088205
0.00876725
0.0819971
0.0168011
2.6715e-05
0.0358704
0.0335243
0.00139424
0.0294416
0.0103824
0.00628932
0.00372077
0.0471395
0.00115079
0.0186505
0.0187876
0.0273816
0.0112489
0.0137449
0.0230289
0.000443717
0.00114394
0.00295564
0.0188216
6.36241e-05
0.0100592
5.86334e-05
0.0266621
0.00647185
0.0755481
0.00655486
0.0152644
0.0316675
0.00113935
0.027636
0.0079904
0.010755
0.0243851
0.00436915
0.0103776
0.0464411
0.0100382
0.0335562
0.00566314
0.122672
0.012964
0.0258438
0.0139646
0.00270627
0.029452
0.00147569
1.80061e-05
0.0129957
0.0272499
0.00257826
0.00238602
0.0484394
0.0414024
0.0930792
0.00953062
0.00784547
0.00175373
0.0439873
0.0388643
0.00799819
0.0708858
0.00297522
0.00613798
0.00934336
0.0005921
0.0290874
0.00357804
0.0256446
0.0117842
0.0195003
0.014129
0.0316652
0.0107305
0.0471757
0.0259818
0.0169159
0.00657333
0.0120216
0.00306651
5.65285e-05
0.000102742
0.0258932
0.0162848
0.0389901
0.00434911
0.00293711
0.0010696
0.122862
0.00443575
0.00391148
0.0286173
0.00607414
0.0147292
0.0223657
4.06568e-05
0.0203183
0.00119247
0.000969923
0.00588862
0.00548842
0.00165099
0.000196294
0.0577437
0.00212672
0.000984141
0.00164187
0.00140606
0.03185
0.0100605
0.00095199
0.000967164
0.0065707
0.0117338
0.00790578
0.0191679
0.00413603
0.0128408
0.040255
0.0541466
0.0494921
0.00575414
0.0134771
7.78849e-05
0.000427108
0.00468526
0.000813017
0.0584309
0.026635
0.00477765
0.0771639
0.00240915
0.0616549
0.0501667
5.04577e-05
0.0101302
0.00426364
0.0241301
0.0249749
0.00580828
0.0875848
0.0272099
0.000525494
0.00263742
0.0153186
0.0128971
0.00737866
0.0207126
0.0166107
0.0053588
0.0198537
0.00502598
0.0136554
0.0293006
0.0972653
0.0711377
2.6559e-05
0.00286782
0.00474701
0.00571589
0.0537348
0.0691754
0.00338917
0.013134
0.00658476
0.00386655
0.0217386
0.0375313
0.00263909
0.0315099
0.032514
0.0113744
0.000157642
0.0782107
0.00484024
0.021887
0.035262
0.00429114
0.0261793
0.00727573
0.0729095
0.00113785
0.0590035
0.0141564
0.00606597
0.0301106
0.0078187
0.0155996
0.00268536
0.00429676
0.00830868
0.00426226
1.78839e-05
0.0347281
0.0159405
0.00053049
0.0185668
0.00383689
0.0125762
0.0269191
0.0160539
0.0060449
0.00359386
0.0122189
0.0102678
0.0149026
0.0172668
0.00374278
0.00575866
0.00626379
0.00594313
0.0565084
0.00924247
0.0148177
0.0309869
0.000202062
0.0190028
0.0271051
0.00469181
0.014394
0.0480511
0.00474241
0.089149
0.0153789
0.00296011
0.0166085
0.004059
0.0509028
0.123309
0.0260543
0.0625957
4.07257e-05
0.0206509
0.0137574
0.00579469
0.0799063
0.0145403
0.0593834
0.00784288
0.0340281
0.0251641
0.00371607
0.0206299
0.0338439
0.00608843
0.00654664
0.032603
0.0386792
0.0195071
0.0256317
0.049847
0.00300183
0.00421636
0.0178743
0.0537662
0.00628761
0.0144483
0.01516
0.00997015
1.37177e-05
0.00251221
0.00940617
0.0463066
0.00495396
0.0112383
0.0134768
0.00469009
0.00913466
0.0556016
0.001471
0.00858018
0.000880404
0.012746
0.0184386
0.0306462
0.00382073
0.00495333
0.00755429
0.0273589
2.92007e-05
0.00196818
0.0019266
0.0169726
0.0392554
0.0554515
0.0128681
0.010962
0.015718
0.00743527
0.00186988
0.0052493
0.0285928
0.0292227
0.00345889
0.0598654
0.0292747
0.000238584
0.0135273
0.00740721
0.00182404
0.00781408
0.0163962
0.0270905
0.00271272
0.0182883
0.0073079
0.0429268
0.035762
0.00239057
0.0104595
0.00517187
0.0834083
0.00624565
0.00398454
0.00361746
0.00949865
0.0126375
0.0289936
0.0101541
0.00796213
0.00376982
0.00754301
0.0250857
0.0318257
0.0204129
0.0275376
0.125433
0.00462276
0.0199362
0.00366326
0.00391873
0.0108087
0.0737835
0.0022897
0.0106524
0.0224575
0.00594569
0.0322654
0.0092379
0.0274879
0.00213505
0.0161528
0.00942895
0.0309462
0.0142872
0.00125749
0.00705363
0.00342236
0.0527907
0.0308593
0.071101
0.0221612
0.00035933
0.0108817
0.0113781
0.00415686
0.00267692
0.0233886
0.011342
0.0216589
0.0579999
0.0582626
0.0594862
0.045814
0.0402121
0.004711
0.0516254
0.0137123
0.0144941
0.00149079
0.00320224
0.0054349
0.00938489
0.0198792
0.009734
0.0166689
0.0331281
0.0225634
0.0070328
0.0411868
0.0408526
0.0278905
0.0162235
0.0269723
0.0552007
0.0073496
0.0175658
2.88323e-05
0.00709812
0.00739769
0.00130122
0.0935863
0.0111522
0.0094164
0.0582685
6.44956e-05
0.0392019
0.000116348
0.0100382
0.00351345
0.00515378
0.0662373
0.00534585
0.0104591
0.0128227
7.00237e-05
0.0450415
0.0194216
0.0312353
0.00449266
0.0189845
0.0479618
0.00546977
0.0238011
0.0169658
5.37463e-05
0.00807384
0.00181028
0.00946302
0.0349682
0.00327385
0.0335961
0.00413072
0.0240881
0.0248206
0.105813
0.0195403
0.0237664
0.0169562
0.00152047
0.0196384
0.0018171
0.00519138
0.00083602
0.104672
0.0045638
0.000128481
0.0527526
0.000349652
0.00855278
0.0129257
0.0782525
0.0138467
0.0191319
0.0251981
0.00174981
0.00688999
0.00558006
0.00471795
0.0093551
0.00435964
0.098332
0.0909382
0.0172343
0.000770303
0.00309791
0.0425434
0.0369391
0.0050373
0.0406777
0.00355026
0.0299722
0.0361906
0.0478193
0.00320379
0.013372
0.0001445
0.0207002
0.0203026
0.0148548
0.00605015
3.89936e-05
0.119544
4.63074e-05
0.0141876
0.00253008
0.0141446
0.00808871
0.0192683
0.00794393
0.00631529
0.022435
0.0570428
0.0159261
0.00391449
0.011038
0.00541541
0.074635
0.0154736
0.0204275
0.00127569
3.23751e-05
0.00379902
0.0444471
0.0195342
0.0432191
0.0103841
0.0667531
0.030432
0.0306901
0.00495132
0.0273789
0.0209947
0.0162295
0.00663151
0.000837498
0.00066337
0.0080323
0.0405798
0.00668587
0.0109077
0.0588847
0.0137359
0.00970523
0.00610361
0.0282966
0.00355203
0.00111575
0.0220722
0.00292225
0.033582
0.00400864
0.0130218
0.00977831
0.00769451
0.0183223
0.00100203
0.028079
0.0225174
0.00928183
9.65977e-05
0.0418114
0.0139183
0.00126399
0.0199681
0.00315449
0.0124242
0.0372675
0.0247451
3.6256e-05
0.00283269
0.0141907
0.00331569
0.0104784
0.0125101
0.00970812
0.00700213
0.0131437
0.0240821
0.0074429
0.00106866
0.00295325
0.0149074
0.0366494
0.00720512
0.00223394
0.0173937
0.000465009
0.0518161
0.0323486
0.0258647
0.00170231
0.0148953
0.0517095
0.00664919
0.00982432
0.00617372
0.0142604
0.0180575
0.013709
0.0168929
0.00119279
0.0154807
0.00949205
0.00425756
0.00413098
0.00376039
0.0127065
0.0318586
9.23367e-05
0.00824087
0.103861
0.00887337
0.012467
0.0034208
0.00709703
0.00461028
0.0227284
0.0021865
0.00871295
0.00358047
0.0220987
0.0058612
0.0240374
0.00449594
0.0166587
0.0001738
0.0211087
0.00655907
0.054161
0.0173201
0.0580425
0.00269538
0.0260391
0.0103252
0.0111186
0.0327904
0.0144992
0.0359732
0.0166679
0.0209049
0.0102273
0.00531597
0.055307
0.0309944
0.0393953
0.00536915
0.0883554
0.0168781
0.0108567
0.0507013
0.0377263
0.0110598
0.00131524
0.0188726
0.0472744
0.00890035
0.0144817
0.0819546
0.0152619
0.0939478
0.00165905
0.00154215
0.0196942
0.0231592
0.00179074
0.0384323
0.0265203
0.00505202
0.0171783
0.0293245
0.0236434
0.000153221
0.00231395
0.00989338
0.0157683
7.04676e-05
3.55804e-05
0.0769647
0.120723
0.0040709
0.0299648
0.0113162
0.0111368
0.00241102
0.0377195
0.123872
0.0241305
0.0270753
0.011258
0.0259764
0.0157316
0.00315521
0.00356358
0.0104753
0.0150731
0.00312877
0.0114479
0.00287599
0.00642244
0.0995456
0.00179961
0.0296328
0.00395956
0.0164935
0.0364531
0.00284359
0.0273342
0.0488659
0.00990123
0.00714303
0.00261544
0.00291125
0.0102754
0.0167614
0.0440976
0.0301677
0.00670938
0.00202048
0.0209125
0.0268526
1.34755e-05
0.0128955
0.00720933
0.00513429
0.0108838
0.0174246
0.0138575
0.0150456
0.0124563
0.0183349
0.0184156
0.0151271
0.0182531
0.00329605
0.00205113
0.00902948
0.000532653
0.0205988
0.0158294
0.00334539
0.0213036
0.0119492
0.0441044
0.0412965
0.00482449
0.0260975
0.0123876
0.0185052
0.023109
5.50153e-05
0.00234234
0.0339334
0.0119754
0.00964462
7.30619e-05
0.0371218
0.00647487
0.00687394
0.00963179
0.0451573
0.00420095
0.0691943
0.0722844
0.0162455
0.0125117
0.0091553
0.0227835
0.0305863
0.0240507
0.0137833
0.0121128
0.000105207
6.7408e-05
0.000623281
2.0741e-05
0.0406768
0.00306851
0.0533077
0.0411474
0.000850472
4.98537e-05
0.0212206
0.00438205
0.000378401
0.0202399
0.000642464
0.0193143
0.0078958
0.0129548
0.100248
0.00752973
0.00377483
0.0178255
0.0153473
0.00670046
0.0169503
0.0224346
0.0550442
0.0222152
0.0401216
0.00219661
0.00155694
0.00722521
0.0190593
0.04913
0.00990274
0.0357286
0.00128808
0.0498614
0.0708059
0.00416518
0.00189387
0.0464018
0.000917134
0.0077293
0.0634305
0.0140217
0.00899049
0.000242693
0.00593106
0.0239806
0.00188754
0.00991413
0.0168447
0.0126123
0.0178315
0.0154581
0.025579
0.0286915
0.00053936
0.0165252
0.0360538
0.0038125
0.00621803
0.00326783
0.0100674
0.083994
0.0748008
7.7669e-05
0.0032904
3.00406e-05
0.0735017
0.0290842
0.0260938
0.0138164
0.0194864
0.00897496
0.00585127
4.63582e-05
0.0390121
0.00256603
0.0270233
0.00457842
0.0426045
0.00513662
0.00693061
0.034848
0.00553507
0.0177653
0.0303942
0.000160748
0.0791456
0.0188167
0.00871422
0.0219544
0.00156177
0.11038
0.00721976
0.135542
0.0242899
5.98971e-05
0.0056453
0.0102587
0.0474507
0.0172936
0.0101734
0.0570307
0.0131455
3.18247e-05
0.0191641
0.00332633
0.00357387
0.0101958
0.0276808
0.00423864
0.0465706
0.0160453
0.00310634
0.000124123
0.0245528
0.012493
0.00672929
0.0191301
0.0617628
0.00555075
0.0385115
0.00562706
0.0124383
0.0161842
0.00587678
0.0291284
0.00178711
0.0567668
0.0239602
0.0490413
0.00723399
0.0251419
0.0608246
0.0318074
0.0147198
0.106022
0.00160082
0.00525014
0.000920511
0.00812923
0.013741
0.0112863
0.0238734
0.0197332
0.00304736
0.000921166
0.00742509
0.0413715
0.0103017
0.00204872
0.0116135
0.00731547
0.0215539
0.00802048
0.026032
0.0194202
0.00949631
0.0305759
0.00301938
0.00017881
0.00331948
0.0118136
0.0041047
0.0110408
0.0312557
0.0185264
0.00881393
0.0111363
0.0109575
0.00347081
0.00956668
0.0181269
0.0305576
0.00981647
0.0111919
0.0120435
5.87807e-05
0.00328958
0.00711348
0.00320738
0.0549546
0.0129791
0.048037
0.0123304
0.016066
0.0304588
0.000150602
0.00254489
0.0515663
7.55405e-06
0.018047
0.040716
0.0110265
0.0301387
0.0124331
0.000866233
0.0452721
0.00799733
0.0412932
0.00760988
0.0115553
1.15969e-05
0.00118208
0.0113994
0.0257678
0.0518815
0.00228662
0.0134609
0.0100753
0.0374703
0.162009
0.00756902
0.000941948
0.00539292
0.0130235
0.0226642
0.0548938
0.0168479
0.00596711
0.0524225
0.010407
0.00183482
0.00164686
0.0101602
0.0122832
0.0128625
0.0107247
0.000744495
0.0211977
0.00568084
9.40664e-05
0.0670732
0.0201791
0.0577975
1.42948e-05
0.0129943
0.00421489
0.0180663
0.00595867
0.0169195
0.00660239
0.0173732
0.0083745
0.041094
0.0268299
0.00493524
0.0151648
0.00293454
0.00158339
8.7827e-05
0.00770443
0.0242699
0.0315627
0.000169118
0.000469659
0.00338058
0.000387791
0.0176251
0.172061
0.00813707
0.0303103
0.00694065
0.00888243
0.0254836
0.0364702
0.0160611
0.0101172
0.00031643
0.0147781
0.0216861
0.0548665
0.0100732
0.0194689
0.0239431
0.00839911
0.00687923
0.00463746
0.0117804
0.034635
0.00138822
0.000781361
0.0973041
0.0338254
0.01446
0.00827026
0.00513608
0.0146907
0.049178
0.0342314
0.00628056
0.0282962
0.00749812
0.0175334
0.00544181
0.00324166
0.00394819
0.0131192
0.0161532
0.0018602
0.00886234
0.0100761
0.00832235
0.0674451
0.0332385
0.0160819
0.014094
0.03796
0.0248587
0.00690232
0.00505966
0.0162981
0.00319762
0.0425575
0.0153373
5.76324e-05
0.0611426
0.00563516
0.0495659
0.00914757
0.0157585
0.0320689
0.00592377
0.00290337
0.0179711
0.0430705
0.0150791
0.00716589
0.00505401
0.0146961
0.00277329
0.00438339
0.00192869
0.0173591
0.0127796
0.00606529
8.30903e-06
0.0384027
0.00591029
0.00420405
0.00829152
0.00616609
0.00756472
0.00818284
0.000314716
0.000744428
0.00677618
0.0153671
0.0269864
0.0242757
0.00257432
0.0313452
1.4463e-05
0.00987655
0.00713154
0.000295787
0.00471949
0.0631224
0.0152696
0.00664475
0.0400693
0.0183781
0.000716799
2.49339e-05
0.0501175
0.0459397
0.0518181
0.0192373
0.0181404
0.00452528
0.0380824
0.00182311
0.000314646
0.0487162
0.0044882
0.0138061
0.00532863
0.00786909
0.0271531
0.0285437
0.0351565
0.0653612
0.0341449
0.00309316
4.69164e-05
0.0404726
0.0459472
0.00733028
0.0367752
0.0851034
0.0261877
0.00594312
0.0904312
0.0251905
0.0265175
0.055845
0.000513496
0.0039172
0.0247147
0.0271062
0.00739296
0.00215234
0.014016
0.0259256
0.000478957
0.0621357
0.0233558
0.0251624
0.0706857
0.00951044
0.0212727
9.60025e-05
0.0395836
0.0111661
0.0206432
0.0392566
0.0107416
0.00654804
0.000103079
0.000625586
0.00740562
0.0138679
0.00571221
0.0181927
0.0111339
0.0330682
0.00453723
0.0264895
0.0305442
0.00581436
0.00462292
0.0548818
0.0590669
0.00761714
0.0130692
0.0840579
0.015394
0.0269693
0.0118538
0.00458815
0.00716444
1.75345e-05
0.011006
0.00361981
0.103864
0.0425084
0.0143521
0.0244293
0.0180451
0.00187569
0.00452093
0.0592779
0.013888
0.0108897
0.00821186
0.0419688
0.0194311
0.000580761
0.00735973
0.00855635
0.0117748
0.00674682
0.00853644
0.0340455
0.0242157
0.0173517
0.0257546
0.0199554
0.0145701
0.0186881
0.000555267
0.00532712
0.0683667
0.0448087
0.00177248
0.0104932
0.0157748
0.0125943
0.0238608
0.115829
0.0234042
0.00657399
0.0110946
0.0355298
0.0258235
0.0275415
0.0139784
0.0245661
0.000156892
0.0228353
0.0408423
0.0105265
0.00796878
6.38643e-05
0.0206172
0.0300211
0.00252992
0.0049665
0.0201887
0.00087812
0.0126825
0.000114088
0.0172975
0.0545526
0.0232517
0.0291113
0.0301818
0.0467885
0.00497507
0.0105615
0.0157829
0.00412604
0.00348506
0.0578306
8.08511e-05
0.0815795
0.00530032
0.00185792
0.0463301
0.016066
0.015902
0.0225308
0.0244185
0.00344209
0.00946577
0.00206278
0.00301258
0.000397704
0.00845629
0.00692877
0.0214851
0.00307552
0.0461488
0.0267799
0.00319802
0.103494
0.00522349
0.037832
0.0377484
0.00377678
0.0388533
0.000824863
0.00263029
0.0636816
0.0277294
0.0102305
0.00500357
0.0139974
0.00523132
0.0763507
0.00966859
0.0310509
0.0268418
0.0185785
0.0103599
0.0182267
0.0296286
0.00152189
0.0123932
0.0480301
0.0326878
0.0249771
0.00335478
0.00886453
0.00355154
0.020983
0.0648691
0.0150147
0.0542495
0.00895541
0.00281073
0.00483839
0.050088
0.0265417
0.0242099
0.015599
0.0238516
0.000809786
0.0375693
0.0666933
0.0161541
0.0251454
0.00355623
0.00893029
0.0409018
9.54588e-05
0.00732654
0.000108519
0.00447967
0.000577123
0.0063417
0.010793
0.0165777
4.30332e-05
0.0374187
0.0732064
0.00596893
0.0227969
0.00121456
0.00240213
0.0100741
0.0452208
0.000492302
0.0485508
0.0714361
0.107392
0.0666136
0.000501314
0.00146398
0.00959275
0.0899646
0.0441583
0.0417872
0.017676
0.0676436
0.0201268
0.0163118
0.0252465
0.000250753
0.0733582
0.00334449
0.0296953
0.0129072
0.0554717
0.0533495
0.0590682
0.00543682
0.00519151
0.0285002
0.00725432
0.00929334
0.0642167
0.0206276
0.0384295
0.00107022
0.0154659
0.0320116
0.0240515
0.10294
0.0422313
0.0183466
0.00542239
0.00147628
0.035143
0.00595481
0.00482194
0.0065347
0.040069
0.00590852
0.0216785
0.032032
0.0326923
0.00662655
0.00555823
0.00946864
0.00111055
0.0374591
0.0119029
0.00852598
0.0519768
0.00637691
0.00958738
0.00323772
6.41132e-05
0.00524893
0.0244449
0.0890237
0.0255839
0.00229101
0.000499442
0.0134234
0.0321389
0.0833121
0.00578407
0.021278
0.0271706
0.0835762
0.00367694
0.0028785
0.00581621
0.0190593
0.00324641
0.0310842
0.111359
0.0618446
0.00563453
0.0495303
0.0105848
0.0745208
0.0103374
0.00529718
0.0229004
0.00645067
0.0105179
0.00073304
0.00137375
0.0968849
0.0484903
0.00416698
0.0120947
0.0027406
4.58838e-05
0.0318815
0.00758614
0.0259128
0.00328392
0.0155457
0.0321933
0.0309728
5.92274e-06
0.0166589
0.00137747
0.131782
0.00296441
0.0411467
0.0265651
0.00229396
0.00108466
0.001066
0.00672094
0.0276226
0.0168798
0.00712209
0.00168509
0.0246109
0.00943475
0.0156038
0.00707018
0.0113456
0.012821
0.0197621
0.0226855
0.0110587
0.0220086
0.00268551
0.00052276
0.00101361
0.0160998
0.00522901
0.00823441
0.0133758
0.00817615
0.13925
0.000108178
0.0110753
0.0110415
0.00553802
0.0255267
0.0786516
0.0387293
0.034688
0.0237329
0.053224
0.0163558
0.0040374
0.0823942
0.0276164
0.00136633
0.0144856
0.00119992
0.0277108
0.0323795
0.00562637
0.0138456
0.00279406
0.00117903
0.0295563
0.00506931
0.0106241
0.0146097
0.0276629
0.0154758
0.00656396
0.0241255
0.0162358
0.00752531
0.0492335
0.0134098
0.0107321
0.0221385
0.0145897
0.00563674
0.0378827
0.0451593
0.00703368
0.0349352
0.0151662
0.00120986
0.000184693
0.017581
0.0185425
0.00997725
6.05666e-05
0.0263941
0.00511048
0.000358097
0.0201384
0.0115372
0.019451
0.00782637
0.00213439
0.0226533
0.0540023
0.0383489
0.00227121
0.0132825
0.0275393
0.0250801
0.0497883
0.000400099
0.0159421
0.0214795
0.00890832
0.0087818
0.00865679
0.0111153
0.00612042
0.00507023
0.0850777
0.000323068
0.0114865
0.0363968
0.0763509
0.0355406
0.00562478
4.80032e-05
0.0433916
0.0385849
0.00677725
0.0108345
4.84387e-05
0.0510014
0.0746342
0.000925753
0.00121702
0.00878721
0.020252
0.00851027
0.0561213
0.041575
0.0566048
0.0023009
0.00973981
0.00291958
0.00768808
0.0148797
0.0237416
0.0121624
0.0157074
0.00205966
0.000229491
3.52354e-05
0.0499899
0.000372006
0.00717341
0.00492991
0.0164445
0.0132187
0.000271811
0.00758239
0.00700231
0.00258679
0.0245553
0.00917581
0.0206274
0.0148604
0.0236862
0.0095665
0.00516902
0.00436468
0.0717064
0.0301495
0.00579255
0.00973213
0.0685334
0.0216048
0.00656087
0.0282087
0.0162735
3.91767e-05
0.0232251
0.00108092
0.0120849
0.0287649
0.0133534
0.0321035
0.00400496
0.000120551
0.00510482
0.00249036
0.0108527
0.00708293
0.011523
0.00482135
0.0128719
0.00446235
0.0142171
0.0123962
0.00524663
0.00430101
0.0109864
0.0390628
0.0695099
0.0252217
0.0010405
0.0171758
0.00815239
0.0386397
0.00128645
0.00434883
0.0160003
0.0798349
0.00454667
0.00267321
0.00865515
0.0376811
0.00411086
0.0507351
0.0328219
0.00392576
0.0146945
0.0145003
0.0221333
0.0323219
0.0144926
0.0104942
0.00447337
0.0120018
0.0119668
0.0131017
0.0523672
0.0202519
0.0828535
0.00616545
0.0438312
0.00474825
0.00550899
0.00985965
1.05157e-05
0.000782548
0.00716412
0.0318477
0.0412951
0.129231
0.016107
0.0104426
0.0259773
0.0159833
0.0104714
0.00365738
0.00244288
0.0367866
0.0262595
0.0202314
0.0134352
0.00181437
0.0458378
0.0222308
0.0276348
0.000423919
0.00504251
0.0136983
0.0244052
0.0392628
0.00634165
4.20274e-05
0.0138017
0.0359813
0.00224795
0.00106382
0.00906569
0.0471249
0.00862561
0.0205514
0.00318115
0.00545751
0.0192018
0.00721282
0.017117
0.00650671
0.0327296
0.00301081
0.0395015
0.000299073
0.0088612
0.0265018
0.0190281
0.0149493
0.00550168
0.0104252
0.00298809
0.00859686
0.0260221
0.0197502
0.0332065
0.0159392
0.0352158
0.00107282
0.00953007
